0	2	0	6.95322e-310	0	2	0
0.196034	1.99037	0	6.95322e-310	0	2	0.0981748
0.390181	1.96157	0	6.95322e-310	0	2	0.19635
0.580569	1.91388	0	6.95322e-310	0	2	0.294524
0.765367	1.84776	0	6.95322e-310	0	2	0.392699
0.942793	1.76384	0	6.95322e-310	0	2	0.490874
1.11114	1.66294	0	6.95322e-310	0	2	0.589049
1.26879	1.54602	0	6.95322e-310	0	2	0.687223
1.41421	1.41421	0	6.95322e-310	0	2	0.785398
1.54602	1.26879	0	6.95322e-310	0	2	0.883573
1.66294	1.11114	0	6.95322e-310	0	2	0.981748
1.76384	0.942793	0	6.95322e-310	0	2	1.07992
1.84776	0.765367	0	6.95322e-310	0	2	1.1781
1.91388	0.580569	0	6.95322e-310	0	2	1.27627
1.96157	0.390181	0	6.95322e-310	0	2	1.37445
1.99037	0.196034	0	6.95322e-310	0	2	1.47262
2	1.22465e-16	0	6.95322e-310	0	2	1.5708

0	2.40415	0	6.95322e-310	0	2.40415	0
0.235648	2.39257	0	6.95322e-310	0	2.40415	0.0981748
0.469026	2.35795	0	6.95322e-310	0	2.40415	0.19635
0.697888	2.30063	0	6.95322e-310	0	2.40415	0.294524
0.920028	2.22114	0	6.95322e-310	0	2.40415	0.392699
1.13331	2.12027	0	6.95322e-310	0	2.40415	0.490874
1.33567	1.99898	0	6.95322e-310	0	2.40415	0.589049
1.52518	1.85843	0	6.95322e-310	0	2.40415	0.687223
1.69999	1.69999	0	6.95322e-310	0	2.40415	0.785398
1.85843	1.52518	0	6.95322e-310	0	2.40415	0.883573
1.99898	1.33567	0	6.95322e-310	0	2.40415	0.981748
2.12027	1.13331	0	6.95322e-310	0	2.40415	1.07992
2.22114	0.920028	0	6.95322e-310	0	2.40415	1.1781
2.30063	0.697888	0	6.95322e-310	0	2.40415	1.27627
2.35795	0.469026	0	6.95322e-310	0	2.40415	1.37445
2.39257	0.235648	0	6.95322e-310	0	2.40415	1.47262
2.40415	1.47212e-16	0	6.95322e-310	0	2.40415	1.5708

0	2.88997	0	6.95322e-310	0	2.88997	0
0.283266	2.87605	0	6.95322e-310	0	2.88997	0.0981748
0.563804	2.83444	0	6.95322e-310	0	2.88997	0.19635
0.838913	2.76552	0	6.95322e-310	0	2.88997	0.294524
1.10594	2.66998	0	6.95322e-310	0	2.88997	0.392699
1.36232	2.54872	0	6.95322e-310	0	2.88997	0.490874
1.60558	2.40292	0	6.95322e-310	0	2.88997	0.589049
1.83337	2.23397	0	6.95322e-310	0	2.88997	0.687223
2.04351	2.04351	0	6.95322e-310	0	2.88997	0.785398
2.23397	1.83337	0	6.95322e-310	0	2.88997	0.883573
2.40292	1.60558	0	6.95322e-310	0	2.88997	0.981748
2.54872	1.36232	0	6.95322e-310	0	2.88997	1.07992
2.66998	1.10594	0	6.95322e-310	0	2.88997	1.1781
2.76552	0.838913	0	6.95322e-310	0	2.88997	1.27627
2.83444	0.563804	0	6.95322e-310	0	2.88997	1.37445
2.87605	0.283266	0	6.95322e-310	0	2.88997	1.47262
2.88997	1.76959e-16	0	6.95322e-310	0	2.88997	1.5708

0	3.47395	0	6.95322e-310	0	3.47395	0
0.340507	3.45723	0	6.95322e-310	0	3.47395	0.0981748
0.677735	3.4072	0	6.95322e-310	0	3.47395	0.19635
1.00844	3.32437	0	6.95322e-310	0	3.47395	0.294524
1.32942	3.20951	0	6.95322e-310	0	3.47395	0.392699
1.63761	3.06375	0	6.95322e-310	0	3.47395	0.490874
1.93003	2.88849	0	6.95322e-310	0	3.47395	0.589049
2.20385	2.6854	0	6.95322e-310	0	3.47395	0.687223
2.45646	2.45646	0	6.95322e-310	0	3.47395	0.785398
2.6854	2.20385	0	6.95322e-310	0	3.47395	0.883573
2.88849	1.93003	0	6.95322e-310	0	3.47395	0.981748
3.06375	1.63761	0	6.95322e-310	0	3.47395	1.07992
3.20951	1.32942	0	6.95322e-310	0	3.47395	1.1781
3.32437	1.00844	0	6.95322e-310	0	3.47395	1.27627
3.4072	0.677735	0	6.95322e-310	0	3.47395	1.37445
3.45723	0.340507	0	6.95322e-310	0	3.47395	1.47262
3.47395	2.12718e-16	0	6.95322e-310	0	3.47395	1.5708

0	4.17595	0	6.95322e-310	0	4.17595	0
0.409315	4.15584	0	6.95322e-310	0	4.17595	0.0981748
0.814688	4.09571	0	6.95322e-310	0	4.17595	0.19635
1.21221	3.99614	0	6.95322e-310	0	4.17595	0.294524
1.59807	3.85808	0	6.95322e-310	0	4.17595	0.392699
1.96853	3.68286	0	6.95322e-310	0	4.17595	0.490874
2.32003	3.47218	0	6.95322e-310	0	4.17595	0.589049
2.64919	3.22805	0	6.95322e-310	0	4.17595	0.687223
2.95284	2.95284	0	6.95322e-310	0	4.17595	0.785398
3.22805	2.64919	0	6.95322e-310	0	4.17595	0.883573
3.47218	2.32003	0	6.95322e-310	0	4.17595	0.981748
3.68286	1.96853	0	6.95322e-310	0	4.17595	1.07992
3.85808	1.59807	0	6.95322e-310	0	4.17595	1.1781
3.99614	1.21221	0	6.95322e-310	0	4.17595	1.27627
4.09571	0.814688	0	6.95322e-310	0	4.17595	1.37445
4.15584	0.409315	0	6.95322e-310	0	4.17595	1.47262
4.17595	2.55703e-16	0	6.95322e-310	0	4.17595	1.5708

0	5.0198	0	6.95322e-310	0	5.0198	0
0.492027	4.99563	0	6.95322e-310	0	5.0198	0.0981748
0.979315	4.92335	0	6.95322e-310	0	5.0198	0.19635
1.45717	4.80365	0	6.95322e-310	0	5.0198	0.294524
1.921	4.63769	0	6.95322e-310	0	5.0198	0.392699
2.36632	4.42707	0	6.95322e-310	0	5.0198	0.490874
2.78885	4.17381	0	6.95322e-310	0	5.0198	0.589049
3.18453	3.88036	0	6.95322e-310	0	5.0198	0.687223
3.54954	3.54954	0	6.95322e-310	0	5.0198	0.785398
3.88036	3.18453	0	6.95322e-310	0	5.0198	0.883573
4.17381	2.78885	0	6.95322e-310	0	5.0198	0.981748
4.42707	2.36632	0	6.95322e-310	0	5.0198	1.07992
4.63769	1.921	0	6.95322e-310	0	5.0198	1.1781
4.80365	1.45717	0	6.95322e-310	0	5.0198	1.27627
4.92335	0.979315	0	6.95322e-310	0	5.0198	1.37445
4.99563	0.492027	0	6.95322e-310	0	5.0198	1.47262
5.0198	3.07374e-16	0	6.95322e-310	0	5.0198	1.5708

0	6.03418	0	6.95322e-310	0	6.03418	0
0.591453	6.00512	0	6.95322e-310	0	6.03418	0.0981748
1.17721	5.91823	0	6.95322e-310	0	6.03418	0.19635
1.75163	5.77435	0	6.95322e-310	0	6.03418	0.294524
2.30918	5.57485	0	6.95322e-310	0	6.03418	0.392699
2.84449	5.32167	0	6.95322e-310	0	6.03418	0.490874
3.35241	5.01723	0	6.95322e-310	0	6.03418	0.589049
3.82804	4.66448	0	6.95322e-310	0	6.03418	0.687223
4.26681	4.26681	0	6.95322e-310	0	6.03418	0.785398
4.66448	3.82804	0	6.95322e-310	0	6.03418	0.883573
5.01723	3.35241	0	6.95322e-310	0	6.03418	0.981748
5.32167	2.84449	0	6.95322e-310	0	6.03418	1.07992
5.57485	2.30918	0	6.95322e-310	0	6.03418	1.1781
5.77435	1.75163	0	6.95322e-310	0	6.03418	1.27627
5.91823	1.17721	0	6.95322e-310	0	6.03418	1.37445
6.00512	0.591453	0	6.95322e-310	0	6.03418	1.47262
6.03418	3.69487e-16	0	6.95322e-310	0	6.03418	1.5708

0	7.25353	0	6.95322e-310	0	7.25353	0
0.71097	7.2186	0	6.95322e-310	0	7.25353	0.0981748
1.41509	7.11415	0	6.95322e-310	0	7.25353	0.19635
2.10559	6.94119	0	6.95322e-310	0	7.25353	0.294524
2.77581	6.70139	0	6.95322e-310	0	7.25353	0.392699
3.41929	6.39704	0	6.95322e-310	0	7.25353	0.490874
4.02984	6.03109	0	6.95322e-310	0	7.25353	0.589049
4.60159	5.60705	0	6.95322e-310	0	7.25353	0.687223
5.12902	5.12902	0	6.95322e-310	0	7.25353	0.785398
5.60705	4.60159	0	6.95322e-310	0	7.25353	0.883573
6.03109	4.02984	0	6.95322e-310	0	7.25353	0.981748
6.39704	3.41929	0	6.95322e-310	0	7.25353	1.07992
6.70139	2.77581	0	6.95322e-310	0	7.25353	1.1781
6.94119	2.10559	0	6.95322e-310	0	7.25353	1.27627
7.11415	1.41509	0	6.95322e-310	0	7.25353	1.37445
7.2186	0.71097	0	6.95322e-310	0	7.25353	1.47262
7.25353	4.44151e-16	0	6.95322e-310	0	7.25353	1.5708

0	8.71928	0	6.95322e-310	0	8.71928	0
0.854639	8.6773	0	6.95322e-310	0	8.71928	0.0981748
1.70105	8.55174	0	6.95322e-310	0	8.71928	0.19635
2.53107	8.34383	0	6.95322e-310	0	8.71928	0.294524
3.33672	8.05557	0	6.95322e-310	0	8.71928	0.392699
4.11024	7.68972	0	6.95322e-310	0	8.71928	0.490874
4.84417	7.24982	0	6.95322e-310	0	8.71928	0.589049
5.53145	6.7401	0	6.95322e-310	0	8.71928	0.687223
6.16546	6.16546	0	6.95322e-310	0	8.71928	0.785398
6.7401	5.53145	0	6.95322e-310	0	8.71928	0.883573
7.24982	4.84417	0	6.95322e-310	0	8.71928	0.981748
7.68972	4.11024	0	6.95322e-310	0	8.71928	1.07992
8.05557	3.33672	0	6.95322e-310	0	8.71928	1.1781
8.34383	2.53107	0	6.95322e-310	0	8.71928	1.27627
8.55174	1.70105	0	6.95322e-310	0	8.71928	1.37445
8.6773	0.854639	0	6.95322e-310	0	8.71928	1.47262
8.71928	5.33902e-16	0	6.95322e-310	0	8.71928	1.5708

0	10.4812	0	6.95322e-310	0	10.4812	0
1.02734	10.4308	0	6.95322e-310	0	10.4812	0.0981748
2.04479	10.2798	0	6.95322e-310	0	10.4812	0.19635
3.04254	10.0299	0	6.95322e-310	0	10.4812	0.294524
4.01099	9.68339	0	6.95322e-310	0	10.4812	0.392699
4.94081	9.24361	0	6.95322e-310	0	10.4812	0.490874
5.82306	8.71482	0	6.95322e-310	0	10.4812	0.589049
6.64922	8.1021	0	6.95322e-310	0	10.4812	0.687223
7.41134	7.41134	0	6.95322e-310	0	10.4812	0.785398
8.1021	6.64922	0	6.95322e-310	0	10.4812	0.883573
8.71482	5.82306	0	6.95322e-310	0	10.4812	0.981748
9.24361	4.94081	0	6.95322e-310	0	10.4812	1.07992
9.68339	4.01099	0	6.95322e-310	0	10.4812	1.1781
10.0299	3.04254	0	6.95322e-310	0	10.4812	1.27627
10.2798	2.04479	0	6.95322e-310	0	10.4812	1.37445
10.4308	1.02734	0	6.95322e-310	0	10.4812	1.47262
10.4812	6.4179e-16	0	6.95322e-310	0	10.4812	1.5708

0	12.5992	0	6.95322e-310	0	12.5992	0
1.23494	12.5385	0	6.95322e-310	0	12.5992	0.0981748
2.45798	12.3571	0	6.95322e-310	0	12.5992	0.19635
3.65736	12.0567	0	6.95322e-310	0	12.5992	0.294524
4.82151	11.6402	0	6.95322e-310	0	12.5992	0.392699
5.93923	11.1115	0	6.95322e-310	0	12.5992	0.490874
6.99975	10.4759	0	6.95322e-310	0	12.5992	0.589049
7.99285	9.73932	0	6.95322e-310	0	12.5992	0.687223
8.90899	8.90899	0	6.95322e-310	0	12.5992	0.785398
9.73932	7.99285	0	6.95322e-310	0	12.5992	0.883573
10.4759	6.99975	0	6.95322e-310	0	12.5992	0.981748
11.1115	5.93923	0	6.95322e-310	0	12.5992	1.07992
11.6402	4.82151	0	6.95322e-310	0	12.5992	1.1781
12.0567	3.65736	0	6.95322e-310	0	12.5992	1.27627
12.3571	2.45798	0	6.95322e-310	0	12.5992	1.37445
12.5385	1.23494	0	6.95322e-310	0	12.5992	1.47262
12.5992	7.71479e-16	0	6.95322e-310	0	12.5992	1.5708

0	15.1452	0	6.95322e-310	0	15.1452	0
1.48449	15.0723	0	6.95322e-310	0	15.1452	0.0981748
2.95468	14.8542	0	6.95322e-310	0	15.1452	0.19635
4.39642	14.493	0	6.95322e-310	0	15.1452	0.294524
5.79581	13.9923	0	6.95322e-310	0	15.1452	0.392699
7.13939	13.3569	0	6.95322e-310	0	15.1452	0.490874
8.41422	12.5928	0	6.95322e-310	0	15.1452	0.589049
9.60801	11.7074	0	6.95322e-310	0	15.1452	0.687223
10.7093	10.7093	0	6.95322e-310	0	15.1452	0.785398
11.7074	9.60801	0	6.95322e-310	0	15.1452	0.883573
12.5928	8.41422	0	6.95322e-310	0	15.1452	0.981748
13.3569	7.13939	0	6.95322e-310	0	15.1452	1.07992
13.9923	5.79581	0	6.95322e-310	0	15.1452	1.1781
14.493	4.39642	0	6.95322e-310	0	15.1452	1.27627
14.8542	2.95468	0	6.95322e-310	0	15.1452	1.37445
15.0723	1.48449	0	0	5.32479	15.1452	1.47262
15.1452	9.27375e-16	3.7328e-22	1.20946e-25	5.32479	15.1452	1.5708

0	18.2056	0	1.20946e-25	5.32479	18.2056	0
1.78446	18.118	0	1.20946e-25	5.32479	18.2056	0.0981748
3.55174	17.8558	0	1.20946e-25	5.32479	18.2056	0.19635
5.28482	17.4217	0	1.20946e-25	5.32479	18.2056	0.294524
6.967	16.8198	0	1.20946e-25	5.32479	18.2056	0.392699
8.58208	16.0559	0	1.20946e-25	5.32479	18.2056	0.490874
10.1145	15.1374	0	1.20946e-25	5.32479	18.2056	0.589049
11.5495	14.0732	0	1.20946e-25	5.32479	18.2056	0.687223
12.8733	12.8733	0	1.20946e-25	5.32479	18.2056	0.785398
14.0732	11.5495	0	1.20946e-25	5.32479	18.2056	0.883573
15.1374	10.1145	0	0	5.32479	18.2056	0.981748
16.0559	8.58208	0	0	5.32479	18.2056	1.07992
16.8198	6.967	0	0	5.32479	18.2056	1.1781
17.4217	5.28482	6.3168e-20	1.13208e-22	5.32479	18.2056	1.27627
17.8558	3.55174	4.44484e-19	1.52647e-21	5.32479	18.2056	1.37445
18.118	1.78446	9.14455e-19	3.99419e-21	5.32479	18.2056	1.47262
18.2056	1.11477e-15	1.11829e-18	5.22339e-21	5.32479	18.2056	1.5708

0	21.8845	0	5.22339e-21	5.32479	21.8845	0
2.14506	21.7792	0	5.22339e-21	5.32479	21.8845	0.0981748
4.26946	21.464	0	5.22339e-21	5.32479	21.8845	0.19635
6.35275	20.9422	0	5.22339e-21	5.32479	21.8845	0.294524
8.37485	20.2187	0	5.22339e-21	5.32479	21.8845	0.392699
10.3163	19.3004	0	5.22339e-21	5.32479	21.8845	0.490874
12.1584	18.1963	0	5.22339e-21	5.32479	21.8845	0.589049
13.8834	16.917	0	5.22339e-21	5.32479	21.8845	0.687223
15.4747	15.4747	0	0	5.32479	21.8845	0.785398
16.917	13.8834	0	0	5.32479	21.8845	0.883573
18.1963	12.1584	0	0	5.32479	21.8845	0.981748
19.3004	10.3163	2.77427e-22	8.14225e-26	5.32479	21.8845	1.07992
20.2187	8.37485	2.32908e-19	6.4485e-22	5.32479	21.8845	1.1781
20.9422	6.35275	9.93207e-19	4.45929e-21	5.32479	21.8845	1.27627
21.464	4.26946	1.95079e-18	1.09688e-20	5.32479	21.8845	1.37445
21.7792	2.14506	2.70138e-18	1.69301e-20	5.32479	21.8845	1.47262
21.8845	1.34004e-15	2.98106e-18	1.93067e-20	5.32479	21.8845	1.5708

0	26.3068	0	1.93067e-20	5.32479	26.3068	0
2.57852	26.1802	0	1.93067e-20	5.32479	26.3068	0.0981748
5.13221	25.8014	0	1.93067e-20	5.32479	26.3068	0.19635
7.63647	25.1741	0	1.93067e-20	5.32479	26.3068	0.294524
10.0672	24.3044	0	1.93067e-20	5.32479	26.3068	0.392699
12.401	23.2006	0	1.93067e-20	5.32479	26.3068	0.490874
14.6153	21.8733	0	1.93067e-20	5.32479	26.3068	0.589049
16.6889	20.3355	0	0	5.32479	26.3068	0.687223
18.6017	18.6017	0	0	5.32479	26.3068	0.785398
20.3355	16.6889	0	0	5.32479	26.3068	0.883573
21.8733	14.6153	2.97378e-24	1.92438e-28	5.32479	26.3068	0.981748
23.2006	12.401	1.67009e-19	4.13873e-22	5.32479	26.3068	1.07992
24.3044	10.0672	8.057e-19	3.37373e-21	5.32479	26.3068	1.1781
25.1741	7.63647	1.70578e-18	9.17153e-21	5.32479	26.3068	1.27627
25.8014	5.13221	2.56528e-18	1.58025e-20	5.32479	26.3068	1.37445
26.1802	2.57852	3.16343e-18	2.08973e-20	5.32479	26.3068	1.47262
26.3068	1.61083e-15	3.37596e-18	2.27899e-20	5.32479	26.3068	1.5708

0	31.6228	0	2.27899e-20	5.32479	31.6228	0
3.09957	31.4705	0	2.27899e-20	5.32479	31.6228	0.0981748
6.1693	31.0152	0	2.27899e-20	5.32479	31.6228	0.19635
9.17961	30.2611	0	2.27899e-20	5.32479	31.6228	0.294524
12.1015	29.2156	0	2.27899e-20	5.32479	31.6228	0.392699
14.9069	27.8888	0	2.27899e-20	5.32479	31.6228	0.490874
17.5687	26.2934	0	0	5.32479	31.6228	0.589049
20.0613	24.4447	0	0	5.32479	31.6228	0.687223
22.3607	22.3607	0	0	5.32479	31.6228	0.785398
24.4447	20.0613	0	0	5.32479	31.6228	0.883573
26.2934	17.5687	3.81079e-20	5.77075e-23	5.32479	31.6228	0.981748
27.8888	14.9069	3.53685e-19	1.12556e-21	5.32479	31.6228	1.07992
29.2156	12.1015	9.12442e-19	3.98247e-21	5.32479	31.6228	1.1781
30.2611	9.17961	1.5328e-18	7.95293e-21	5.34325	31.6228	1.27627
31.0152	6.1693	2.07661e-18	1.19221e-20	5.40286	31.6228	1.37445
31.4705	3.09957	2.44392e-18	1.48137e-20	5.43853	31.6228	1.47262
31.6228	1.93634e-15	2.57308e-18	1.58666e-20	5.4504	31.6228	1.5708

0	38.0129	0	1.58666e-20	5.4504	38.0129	0
3.72592	37.8299	0	1.58666e-20	5.4504	38.0129	0.0981748
7.41595	37.2825	0	1.58666e-20	5.4504	38.0129	0.19635
11.0346	36.3761	0	1.58666e-20	5.4504	38.0129	0.294524
14.5469	35.1194	0	1.58666e-20	5.4504	38.0129	0.392699
17.9192	33.5244	0	0	5.32479	38.0129	0.490874
21.1189	31.6066	0	0	5.32479	38.0129	0.589049
24.1151	29.3844	0	0	5.32479	38.0129	0.687223
26.8792	26.8792	0	0	5.32479	38.0129	0.785398
29.3844	24.1151	1.13393e-22	2.46979e-26	5.32479	38.0129	0.883573
31.6066	21.1189	7.2244e-20	1.35399e-22	5.44083	38.0129	0.981748
33.5244	17.9192	3.31445e-19	1.0322e-21	5.58839	38.0129	1.07992
35.1194	14.5469	7.22509e-19	2.91745e-21	5.70809	38.0129	1.1781
36.3761	11.0346	1.14398e-18	5.38397e-21	5.80059	38.0129	1.27627
37.2825	7.41595	1.50711e-18	7.77569e-21	5.86637	38.0129	1.37445
37.8299	3.72592	1.74916e-18	9.48386e-21	5.90571	38.0129	1.47262
38.0129	2.32762e-15	1.83378e-18	1.01005e-20	5.91881	38.0129	1.5708

0	45.6944	0	1.01005e-20	5.91881	45.6944	0
4.47883	45.4743	0	1.01005e-20	5.91881	45.6944	0.0981748
8.91453	44.8164	0	1.01005e-20	5.91881	45.6944	0.19635
13.2644	43.7268	0	1.01005e-20	5.91881	45.6944	0.294524
17.4865	42.2161	0	0	5.32479	45.6944	0.392699
21.5402	40.2988	0	0	5.32479	45.6944	0.490874
25.3864	37.9935	0	0	5.32479	45.6944	0.589049
28.9882	35.3222	0	0	5.32479	45.6944	0.687223
32.3108	32.3108	0	0	5.48723	45.6944	0.785398
35.3222	28.9882	2.6502e-21	1.65038e-24	5.715	45.6944	0.883573
37.9935	25.3864	8.44447e-20	1.66715e-22	5.90948	45.6944	0.981748
40.2988	21.5402	2.93687e-19	8.78468e-22	6.07217	45.6944	1.07992
42.2161	17.4865	5.78343e-19	2.16833e-21	6.20413	45.6944	1.1781
43.7268	13.2644	8.71314e-19	3.74494e-21	6.30609	45.6944	1.27627
44.8164	8.91453	1.11775e-18	5.22003e-21	6.37858	45.6944	1.37445
45.4743	4.47883	1.27994e-18	6.25361e-21	6.42195	45.6944	1.47262
45.6944	2.79797e-15	1.33632e-18	6.6236e-21	6.43638	45.6944	1.5708

0	54.928	0	6.6236e-21	6.43638	54.928	0
5.38389	54.6635	0	6.6236e-21	6.43638	54.928	0.0981748
10.7159	53.8726	0	6.6236e-21	6.43638	54.928	0.19635
15.9448	52.5628	0	0	5.32479	54.928	0.294524
21.02	50.7469	0	0	5.32479	54.928	0.392699
25.8929	48.4422	0	0	5.32479	54.928	0.490874
30.5164	45.671	0	0	5.33915	54.928	0.589049
34.846	42.4599	0	0	5.67186	54.928	0.687223
38.84	38.84	0	0	5.962	54.928	0.785398
42.4599	34.846	8.91652e-21	8.32031e-24	6.21302	54.928	0.883573
45.671	30.5164	9.35561e-20	1.91121e-22	6.4273	54.928	0.981748
48.4422	25.8929	2.61733e-19	7.53398e-22	6.60651	54.928	1.07992
50.7469	21.02	4.71234e-19	1.65017e-21	6.75184	54.928	1.1781
52.5628	15.9448	6.78005e-19	2.68034e-21	6.86413	54.928	1.27627
53.8726	10.7159	8.48051e-19	3.61223e-21	6.94397	54.928	1.37445
54.6635	5.38389	9.58602e-19	4.25334e-21	6.99172	54.928	1.47262
54.928	3.36337e-15	9.96827e-19	4.48097e-21	7.00762	54.928	1.5708

0	66.0276	0	4.48097e-21	7.00762	66.0276	0
6.47183	65.7096	0	4.48097e-21	7.00762	66.0276	0.0981748
12.8813	64.7589	0	4.48097e-21	7.00762	66.0276	0.19635
19.1668	63.1844	0	0	5.32479	66.0276	0.294524
25.2677	61.0015	0	0	5.32479	66.0276	0.392699
31.1252	58.2311	0	0	5.38044	66.0276	0.490874
36.683	54.8999	0	0	5.8001	66.0276	0.589049
41.8874	51.04	0	0	6.16681	66.0276	0.687223
46.6885	46.6885	0	0	6.48644	66.0276	0.785398
51.04	41.8874	1.78794e-20	2.10385e-23	6.76287	66.0276	0.883573
54.8999	36.683	1.00126e-19	2.09223e-22	6.99878	66.0276	0.981748
58.2311	31.1252	2.35139e-19	6.531e-22	7.19604	66.0276	1.07992
61.0015	25.2677	3.91109e-19	1.28709e-21	7.35599	66.0276	1.1781
63.1844	19.1668	5.39297e-19	1.97538e-21	7.47957	66.0276	1.27627
64.7589	12.8813	6.58612e-19	2.57861e-21	7.56742	66.0276	1.37445
65.7096	6.47183	7.35281e-19	2.98642e-21	7.61997	66.0276	1.47262
66.0276	4.04302e-15	7.61653e-19	3.13008e-21	7.63746	66.0276	1.5708

0	79.3701	0	3.13008e-21	7.63746	79.3701	0
7.77963	78.9879	0	3.13008e-21	7.63746	79.3701	0.0981748
15.4843	77.845	0	0	5.32479	79.3701	0.19635
23.0399	75.9524	0	0	5.32479	79.3701	0.294524
30.3736	73.3284	0	0	5.32479	79.3701	0.392699
37.4148	69.9981	0	0	5.84684	79.3701	0.490874
44.0956	65.9938	0	0	6.30934	79.3701	0.589049
50.3518	61.3539	0	0	6.71323	79.3701	0.687223
56.1231	56.1231	5.4492e-22	2.00289e-25	7.06509	79.3701	0.785398
61.3539	50.3518	2.81551e-20	3.85439e-23	7.3693	79.3701	0.883573
65.9938	44.0956	1.04739e-19	2.22173e-22	7.62885	79.3701	0.981748
69.9981	37.4148	2.1322e-19	5.73214e-22	7.84585	79.3701	1.07992
73.3284	30.3736	3.30679e-19	1.02901e-21	8.02179	79.3701	1.1781
75.9524	23.0399	4.38498e-19	1.49912e-21	8.1577	79.3701	1.27627
77.845	15.4843	5.23615e-19	1.89916e-21	8.25432	79.3701	1.37445
78.9879	7.77963	5.77708e-19	2.16516e-21	8.31211	79.3701	1.47262
79.3701	4.86001e-15	5.96222e-19	2.25817e-21	8.33134	79.3701	1.5708

0	95.4087	0	2.25817e-21	8.33134	95.4087	0
9.35169	94.9493	0	2.25817e-21	8.33134	95.4087	0.0981748
18.6133	93.5755	0	0	5.32479	95.4087	0.19635
27.6957	91.3004	0	0	5.32479	95.4087	0.294524
36.5113	88.1461	0	0	5.77609	95.4087	0.392699
44.9754	84.143	0	0	6.36196	95.4087	0.490874
53.0062	79.3294	0	0	6.8713	95.4087	0.589049
60.5266	73.7519	0	0	7.31583	95.4087	0.687223
67.4641	67.4641	3.69815e-21	2.57351e-24	7.70294	95.4087	0.785398
73.7519	60.5266	3.86663e-20	5.88377e-23	8.03753	95.4087	0.883573
79.3294	53.0062	1.07907e-19	2.31178e-22	8.32295	95.4087	0.981748
84.143	44.9754	1.95248e-19	5.09717e-22	8.56154	95.4087	1.07992
88.1461	36.5113	2.84697e-19	8.42798e-22	8.75496	95.4087	1.1781
91.3004	27.6957	3.64299e-19	1.17082e-21	8.90437	95.4087	1.27627
93.5755	18.6133	4.26005e-19	1.44244e-21	9.01057	95.4087	1.37445
94.9493	9.35169	4.63451e-19	1.61393e-21	9.07409	95.4087	1.47262
95.4087	5.8421e-15	4.78036e-19	1.682e-21	9.09524	95.4087	1.5708

0	114.688	0	1.682e-21	9.09524	114.688	0
11.2414	114.136	0	1.682e-21	9.09524	114.688	0.0981748
22.3746	112.485	0	0	5.32479	114.688	0.19635
33.2923	109.75	0	0	5.53245	114.688	0.294524
43.8893	105.958	0	0	6.28499	114.688	0.392699
54.0637	101.146	0	0	6.93026	114.688	0.490874
63.7174	95.3599	0	0	7.49082	114.688	0.589049
72.7575	88.6553	7.74598e-25	3.20121e-29	7.9798	114.688	0.687223
81.0969	81.0969	9.76177e-21	9.38823e-24	8.40548	114.688	0.785398
88.6553	72.7575	4.87237e-20	8.00816e-23	8.77331	114.688	0.883573
95.3599	63.7174	1.10037e-19	2.37281e-22	9.08704	114.688	0.981748
101.146	54.0637	1.80549e-19	4.59204e-22	9.34925	114.688	1.07992
105.958	43.8893	2.49392e-19	7.06407e-22	9.5618	114.688	1.1781
109.75	33.2923	3.08979e-19	9.3998e-22	9.72597	114.688	1.27627
112.485	22.3746	3.54409e-19	1.12863e-21	9.84267	114.688	1.37445
114.136	11.2414	3.82708e-19	1.25036e-21	9.91246	114.688	1.47262
114.688	7.02264e-15	3.92305e-19	1.29234e-21	9.93569	114.688	1.5708

0	137.864	0	1.29234e-21	9.93569	137.864	0
13.513	137.2	0	1.29234e-21	9.93569	137.864	0.0981748
26.8959	135.215	0	0	5.32479	137.864	0.19635
40.0198	131.928	0	0	6.01726	137.864	0.294524
52.7582	127.37	0	0	6.84641	137.864	0.392699
64.9886	121.585	0	0	7.55664	137.864	0.490874
76.5931	114.63	0	0	8.17322	137.864	0.589049
87.46	106.57	7.98038e-22	3.33102e-25	8.71085	137.864	0.687223
97.4845	97.4845	1.7928e-20	2.11149e-23	9.17874	137.864	0.785398
106.57	87.46	5.79503e-20	1.00914e-22	9.58296	137.864	0.883573
114.63	76.5931	1.11437e-19	2.41315e-22	9.92766	137.864	0.981748
121.585	64.9886	1.68534e-19	4.18917e-22	10.2157	137.864	1.07992
127.37	52.7582	2.22041e-19	6.05048e-22	10.4492	137.864	1.1781
131.928	40.0198	2.6723e-19	7.74568e-22	10.6295	137.864	1.27627
135.215	26.8959	3.03675e-19	9.18526e-22	10.7577	137.864	1.37445
137.2	13.513	3.22114e-19	9.93631e-22	10.8344	137.864	1.47262
137.864	8.44173e-15	3.2919e-19	1.02284e-21	10.8599	137.864	1.5708

0	165.723	0	1.02284e-21	10.8599	165.723	0
16.2437	164.925	0	0	5.32479	165.723	0.0981748
32.3309	162.538	0	0	5.45236	165.723	0.19635
48.1068	158.587	0	0	6.55228	165.723	0.294524
63.4193	153.108	0	0	7.46519	165.723	0.392699
78.1211	146.154	0	0	8.24648	165.723	0.490874
92.0706	137.793	0	0	8.92438	165.723	0.589049
105.133	128.105	4.1829e-21	3.03284e-24	9.51525	165.723	0.687223
117.184	117.184	2.72323e-20	3.68687e-23	10.0293	165.723	0.785398
128.105	105.133	6.61822e-20	1.20467e-22	10.4734	165.723	0.883573
137.793	92.0706	1.12333e-19	2.43906e-22	10.852	165.723	0.981748
146.154	78.1211	1.58708e-19	3.86674e-22	11.1684	165.723	1.07992
153.108	63.4193	2.00671e-19	5.2868e-22	11.4248	165.723	1.1781
158.587	48.1068	2.3536e-19	6.53918e-22	11.6228	165.723	1.27627
162.538	32.3309	2.61039e-19	7.50735e-22	11.7636	165.723	1.37445
164.925	16.2437	2.76773e-19	8.11667e-22	11.8477	165.723	1.47262
165.723	1.01476e-14	2.82067e-19	8.32432e-22	11.8758	165.723	1.5708

0	199.211	0	8.32432e-22	11.8758	199.211	0
19.5261	198.252	0	0	5.32479	199.211	0.0981748
38.8641	195.383	0	0	5.93018	199.211	0.19635
57.8279	190.633	0	0	7.14214	199.211	0.294524
76.2348	184.047	0	0	8.14667	199.211	0.392699
93.9074	175.688	0	0	9.00571	199.211	0.490874
110.676	165.638	1.85972e-22	4.77686e-26	9.75072	199.211	0.589049
126.378	153.992	1.02446e-20	1.00125e-23	10.3999	199.211	0.687223
140.863	140.863	3.6876e-20	5.52338e-23	10.9645	199.211	0.785398
153.992	126.378	7.33881e-20	1.38265e-22	11.4522	199.211	0.883573
165.638	110.676	1.12886e-19	2.45509e-22	11.868	199.211	0.981748
175.688	93.9074	1.50664e-19	3.60766e-22	12.2153	199.211	1.07992
184.047	76.2348	1.83844e-19	4.70411e-22	12.4968	199.211	1.1781
190.633	57.8279	2.10744e-19	5.64357e-22	12.7143	199.211	1.27627
195.383	38.8641	2.30432e-19	6.35727e-22	12.8688	199.211	1.37445
198.252	19.5261	2.42404e-19	6.80143e-22	12.9612	199.211	1.47262
199.211	1.21982e-14	2.46418e-19	6.952e-22	12.9919	199.211	1.5708

0	239.466	0	6.952e-22	12.9919	239.466	0
23.4718	238.313	0	0	5.32479	239.466	0.0981748
46.7176	234.865	0	0	6.45747	239.466	0.19635
69.5134	229.155	0	0	7.79192	239.466	0.294524
91.6398	221.238	0	0	8.89668	239.466	0.392699
112.884	211.191	0	0	9.84082	239.466	0.490874
133.04	199.109	2.23242e-21	1.31295e-24	10.6593	239.466	0.589049
151.916	185.11	1.82444e-20	2.16132e-23	11.3723	239.466	0.687223
169.328	169.328	4.62945e-20	7.4803e-23	11.9923	239.466	0.785398
185.11	151.916	7.96121e-20	1.54117e-22	12.5278	239.466	0.883573
199.109	133.04	1.1321e-19	2.46448e-22	12.9842	239.466	0.981748
211.191	112.884	1.43286e-19	3.37405e-22	13.0171	239.466	1.07992
221.238	91.6398	1.676e-19	4.15826e-22	13.0171	239.466	1.1781
229.155	69.5134	1.86068e-19	4.78016e-22	13.0171	239.466	1.27627
234.865	46.7176	1.98962e-19	5.22683e-22	13.0171	239.466	1.37445
238.313	23.4718	2.06562e-19	5.49472e-22	13.0171	239.466	1.47262
239.466	1.46631e-14	2.09071e-19	5.58391e-22	13.0171	239.466	1.5708

0	287.856	0	5.58391e-22	13.0171	287.856	0
28.2149	286.47	0	0	5.32479	287.856	0.0981748
56.158	282.325	0	0	7.03878	287.856	0.19635
83.5603	275.461	0	0	8.5072	287.856	0.294524
110.158	265.945	0	0	9.72165	287.856	0.392699
135.695	253.867	4.33557e-23	6.85395e-27	10.759	287.856	0.490874
159.924	239.344	7.00576e-21	6.03234e-24	11.6579	287.856	0.589049
182.614	222.516	2.73196e-20	3.70263e-23	12.4408	287.856	0.687223
203.545	203.545	5.50936e-20	9.43368e-23	13.0171	287.856	0.785398
222.516	182.614	8.29409e-20	1.62769e-22	13.0171	287.856	0.883573
239.344	159.924	1.07006e-19	2.28606e-22	13.0171	287.856	0.981748
253.867	135.695	1.26593e-19	2.86039e-22	13.0171	287.856	1.07992
265.945	110.158	1.41858e-19	3.32929e-22	13.0171	287.856	1.1781
275.461	83.5603	1.53193e-19	3.68863e-22	13.0171	287.856	1.27627
282.325	56.158	1.60987e-19	3.94095e-22	13.0171	287.856	1.37445
286.47	28.2149	1.6554e-19	4.09026e-22	13.0171	287.856	1.47262
287.856	1.76261e-14	1.67038e-19	4.13967e-22	13.0171	287.856	1.5708

0	346.025	0	4.13967e-22	13.0171	346.025	0
33.9164	344.359	0	0	5.56483	346.025	0.0981748
67.5061	339.376	0	0	7.67913	346.025	0.19635
100.446	331.125	0	0	9.29411	346.025	0.294524
132.418	319.685	0	0	10.6286	346.025	0.392699
163.115	305.167	1.33684e-21	6.62704e-25	11.7679	346.025	0.490874
192.241	287.709	1.40651e-20	1.52782e-23	12.755	346.025	0.589049
219.516	267.481	3.58749e-20	5.32436e-23	13.0171	346.025	0.687223
244.677	244.677	5.79379e-20	1.00886e-22	13.0171	346.025	0.785398
267.481	219.516	7.69951e-20	1.474e-22	13.0171	346.025	0.883573
287.709	192.241	9.24519e-20	1.8812e-22	13.0171	346.025	0.981748
305.167	163.115	1.04561e-19	2.21671e-22	13.0171	346.025	1.07992
319.685	132.418	1.13771e-19	2.48076e-22	13.0171	346.025	1.1781
331.125	100.446	1.205e-19	2.67831e-22	13.0171	346.025	1.27627
339.376	67.5061	1.25077e-19	2.81482e-22	13.0171	346.025	1.37445
344.359	33.9164	1.27735e-19	2.89485e-22	13.0171	346.025	1.47262
346.025	2.11879e-14	1.28606e-19	2.92121e-22	13.0171	346.025	1.5708

0	415.948	0	2.92121e-22	13.0171	415.948	0
40.77	413.945	0	0	6.05571	415.948	0.0981748
81.1474	407.955	0	0	8.38402	415.948	0.19635
120.743	398.037	0	0	10.1594	415.948	0.294524
159.176	384.286	3.23719e-25	1.00024e-29	11.6253	415.948	0.392699
196.076	366.833	5.26073e-21	4.11725e-24	12.8764	415.948	0.490874
231.088	345.848	2.11708e-20	2.6355e-23	13.0171	415.948	0.589049
263.874	321.532	3.87011e-20	5.89083e-23	13.0171	415.948	0.687223
294.119	294.119	5.39228e-20	9.16732e-23	13.0171	415.948	0.785398
321.532	263.874	6.61471e-20	1.20382e-22	13.0171	415.948	0.883573
345.848	231.088	7.56546e-20	1.43988e-22	13.0171	415.948	0.981748
366.833	196.076	8.29094e-20	1.62686e-22	13.0171	415.948	1.07992
384.286	159.176	8.87321e-20	1.78096e-22	13.0171	415.948	1.1781
398.037	120.743	9.22468e-20	1.87563e-22	13.0171	415.948	1.27627
407.955	81.1474	9.48915e-20	1.94767e-22	13.0171	415.948	1.37445
413.945	40.77	9.64193e-20	1.98959e-22	13.0171	415.948	1.47262
415.948	2.54694e-14	9.69191e-20	2.00336e-22	13.0171	415.948	1.5708

0	500	0	2.00336e-22	13.0171	500	0
49.0086	497.592	0	0	6.59716	500	0.0981748
97.5452	490.393	0	0	9.15949	500	0.19635
145.142	478.47	0	0	11.1104	500	0.294524
191.342	461.94	6.84701e-22	2.71569e-25	12.7203	500	0.392699
235.698	440.961	1.04947e-20	1.03396e-23	13.0171	500	0.490874
277.785	415.735	2.44226e-20	3.18861e-23	13.0171	500	0.589049
317.197	386.505	3.68503e-20	5.51824e-23	13.0171	500	0.687223
353.553	353.553	4.67043e-20	7.5687e-23	13.0171	500	0.785398
386.505	317.197	5.4255e-20	9.24271e-23	13.0171	500	0.883573
415.735	277.785	5.99538e-20	1.05593e-22	13.0171	500	0.981748
440.961	235.698	6.4221e-20	1.15731e-22	13.0171	500	1.07992
461.94	191.342	6.73702e-20	1.23359e-22	13.0171	500	1.1781
478.47	145.142	6.96249e-20	1.28894e-22	13.0171	500	1.27627
490.393	97.5452	7.11388e-20	1.32644e-22	13.0171	500	1.37445
497.592	49.0086	7.20104e-20	1.34815e-22	13.0171	500	1.47262
500	3.06162e-14	7.22951e-20	1.35527e-22	13.0171	500	1.5708

