git add	PROBLEMS/ATMMKS1/tools.c
git add	PROBLEMS/BOWSHOCK/tools.c
git add	PROBLEMS/DONUT/tools.c
git add	PROBLEMS/RADATM/tools.c
git add	PROBLEMS/RADBEAM2D/tools.c
git add	PROBLEMS/RADBEAM2DKS/tools.c
git add	PROBLEMS/RADBEAM2DKSVERT/tools.c
git add	PROBLEMS/RADBEAMFLAT/tools.c
git add	PROBLEMS/RADFLATNESS/tools.c
git add	PROBLEMS/RADPULSE/tools.c
git add	PROBLEMS/RADSHADOW/tools.c
git add	PROBLEMS/RADTUBE/tools.c
git add	PROBLEMS/RDONUT/tools.c

power 20

============
2.0457418e-03 -2.0608660e-04 0.0000000e+00 0.0000000e+00 5.4889019e-03 -2.2787759e-02 
-1.0150552e-11 0.0000000e+00 0.0000000e+00 3.1251935e-11
-1.2518826e-50 0.0000000e+00 0.0000000e+00 3.8543474e-50
-1.2518826e-50 0.0000000e+00 0.0000000e+00 3.8543474e-50
-1.2518826e-50 0.0000000e+00 0.0000000e+00 3.8543474e-50
-1.2518826e-50 0.0000000e+00 0.0000000e+00 3.8543474e-50
-1.2518826e-50 0.0000000e+00 0.0000000e+00 3.8543474e-50

============
============
2.0457418e-03 -2.0608660e-04 0.0000000e+00 0.0000000e+00 5.4889019e-03 -2.2787759e-02 
-5.3653987e-15 0.0000000e+00 0.0000000e+00 1.6519210e-14
-5.3653987e-15 0.0000000e+00 0.0000000e+00 1.6519210e-14
-5.3653987e-15 0.0000000e+00 0.0000000e+00 1.6519210e-14
-5.3653987e-15 0.0000000e+00 0.0000000e+00 1.6519210e-14
-1.0129090e-11 0.0000000e+00 0.0000000e+00 3.1185859e-11
-2.1473388e-22 0.0000000e+00 0.0000000e+00 6.6113149e-22



power 10


============
============
2.0457418e-03 -2.0608660e-04 0.0000000e+00 0.0000000e+00 5.4889019e-03 -2.2787759e-02 
-2.1392261e-13 0.0000000e+00 0.0000000e+00 6.5863372e-13
-2.1392261e-13 0.0000000e+00 0.0000000e+00 6.5863372e-13
-2.1392261e-13 0.0000000e+00 0.0000000e+00 6.5863372e-13
-2.1392261e-13 0.0000000e+00 0.0000000e+00 6.5863372e-13
-9.2948186e-12 0.0000000e+00 0.0000000e+00 2.8617269e-11
-4.2796277e-17 0.0000000e+00 0.0000000e+00 1.3176293e-16

pow 1


============
============
2.0457418e-03 -2.0608660e-04 0.0000000e+00 0.0000000e+00 5.4889019e-03 -2.2787759e-02 
-1.7248676e-12 0.0000000e+00 0.0000000e+00 5.3105930e-12
-1.7248676e-12 0.0000000e+00 0.0000000e+00 5.3105930e-12
-1.7248676e-12 0.0000000e+00 0.0000000e+00 5.3105930e-12
-1.7248676e-12 0.0000000e+00 0.0000000e+00 5.3105930e-12
-2.5150937e-12 0.0000000e+00 0.0000000e+00 7.7435738e-12
-7.3598791e-13 0.0000000e+00 0.0000000e+00 2.2659898e-12
