0	2	0	6.95321e-310	6.95321e-310
0.0872388	1.9981	0	6.95321e-310	6.95321e-310
0.174311	1.99239	0	6.95321e-310	6.95321e-310
0.261052	1.98289	0	6.95321e-310	6.95321e-310
0.347296	1.96962	0	6.95321e-310	6.95321e-310
0.432879	1.95259	0	6.95321e-310	6.95321e-310
0.517638	1.93185	0	6.95321e-310	6.95321e-310
0.601412	1.90743	0	6.95321e-310	6.95321e-310
0.68404	1.87939	0	6.95321e-310	6.95321e-310
0.765367	1.84776	0	6.95321e-310	6.95321e-310
0.845237	1.81262	0	6.95321e-310	6.95321e-310
0.923497	1.77402	0	6.95321e-310	6.95321e-310
1	1.73205	0	6.95321e-310	6.95321e-310
1.0746	1.68678	0	6.95321e-310	6.95321e-310
1.14715	1.6383	0	6.95321e-310	6.95321e-310
1.21752	1.58671	0	6.95321e-310	6.95321e-310
1.28558	1.53209	0	6.95321e-310	6.95321e-310
1.35118	1.47455	0	6.95321e-310	6.95321e-310
1.41421	1.41421	0	6.95321e-310	6.95321e-310
1.47455	1.35118	0	6.95321e-310	6.95321e-310
1.53209	1.28558	0	6.95321e-310	6.95321e-310
1.58671	1.21752	0	6.95321e-310	6.95321e-310
1.6383	1.14715	0	6.95321e-310	6.95321e-310
1.68678	1.0746	0	6.95321e-310	6.95321e-310
1.73205	1	0	6.95321e-310	6.95321e-310
1.77402	0.923497	0	6.95321e-310	6.95321e-310
1.81262	0.845237	0	6.95321e-310	6.95321e-310
1.84776	0.765367	0	6.95321e-310	6.95321e-310
1.87939	0.68404	0	6.95321e-310	6.95321e-310
1.90743	0.601412	0	6.95321e-310	6.95321e-310
1.93185	0.517638	0	6.95321e-310	6.95321e-310
1.95259	0.432879	0	6.95321e-310	6.95321e-310
1.96962	0.347296	0	6.95321e-310	6.95321e-310
1.98289	0.261052	0	6.95321e-310	6.95321e-310
1.99239	0.174311	0	6.95321e-310	6.95321e-310
1.9981	0.0872388	0	6.95321e-310	6.95321e-310
2	1.22465e-16	0	6.95321e-310	6.95321e-310

0	2.19278	0	6.95321e-310	6.95321e-310
0.0956479	2.1907	0	6.95321e-310	6.95321e-310
0.191114	2.18444	0	6.95321e-310	6.95321e-310
0.286216	2.17402	0	6.95321e-310	6.95321e-310
0.380773	2.15947	0	6.95321e-310	6.95321e-310
0.474605	2.14081	0	6.95321e-310	6.95321e-310
0.567534	2.11807	0	6.95321e-310	6.95321e-310
0.659383	2.09129	0	6.95321e-310	6.95321e-310
0.749976	2.06054	0	6.95321e-310	6.95321e-310
0.839142	2.02587	0	6.95321e-310	6.95321e-310
0.92671	1.98734	0	6.95321e-310	6.95321e-310
1.01251	1.94502	0	6.95321e-310	6.95321e-310
1.09639	1.89901	0	6.95321e-310	6.95321e-310
1.17818	1.84937	0	6.95321e-310	6.95321e-310
1.25773	1.79622	0	6.95321e-310	6.95321e-310
1.33488	1.73965	0	6.95321e-310	6.95321e-310
1.40949	1.67977	0	6.95321e-310	6.95321e-310
1.48142	1.61669	0	6.95321e-310	6.95321e-310
1.55053	1.55053	0	6.95321e-310	6.95321e-310
1.61669	1.48142	0	6.95321e-310	6.95321e-310
1.67977	1.40949	0	6.95321e-310	6.95321e-310
1.73965	1.33488	0	6.95321e-310	6.95321e-310
1.79622	1.25773	0	6.95321e-310	6.95321e-310
1.84937	1.17818	0	6.95321e-310	6.95321e-310
1.89901	1.09639	0	6.95321e-310	6.95321e-310
1.94502	1.01251	0	6.95321e-310	6.95321e-310
1.98734	0.92671	0	6.95321e-310	6.95321e-310
2.02587	0.839142	0	6.95321e-310	6.95321e-310
2.06054	0.749976	0	6.95321e-310	6.95321e-310
2.09129	0.659383	0	6.95321e-310	6.95321e-310
2.11807	0.567534	0	6.95321e-310	6.95321e-310
2.14081	0.474605	0	6.95321e-310	6.95321e-310
2.15947	0.380773	0	6.95321e-310	6.95321e-310
2.17402	0.286216	0	6.95321e-310	6.95321e-310
2.18444	0.191114	0	6.95321e-310	6.95321e-310
2.1907	0.0956479	0	6.95321e-310	6.95321e-310
2.19278	1.34269e-16	0	6.95321e-310	6.95321e-310

0	2.40415	0	6.95321e-310	6.95321e-310
0.104867	2.40186	0	6.95321e-310	6.95321e-310
0.209535	2.395	0	6.95321e-310	6.95321e-310
0.313804	2.38358	0	6.95321e-310	6.95321e-310
0.417476	2.36762	0	6.95321e-310	6.95321e-310
0.520353	2.34716	0	6.95321e-310	6.95321e-310
0.622239	2.32223	0	6.95321e-310	6.95321e-310
0.722941	2.29288	0	6.95321e-310	6.95321e-310
0.822267	2.25916	0	6.95321e-310	6.95321e-310
0.920028	2.22114	0	6.95321e-310	6.95321e-310
1.01604	2.1789	0	6.95321e-310	6.95321e-310
1.11011	2.13251	0	6.95321e-310	6.95321e-310
1.20207	2.08205	0	6.95321e-310	6.95321e-310
1.29175	2.02764	0	6.95321e-310	6.95321e-310
1.37896	1.96936	0	6.95321e-310	6.95321e-310
1.46355	1.90734	0	6.95321e-310	6.95321e-310
1.54536	1.84168	0	6.95321e-310	6.95321e-310
1.62422	1.77252	0	6.95321e-310	6.95321e-310
1.69999	1.69999	0	6.95321e-310	6.95321e-310
1.77252	1.62422	0	6.95321e-310	6.95321e-310
1.84168	1.54536	0	6.95321e-310	6.95321e-310
1.90734	1.46355	0	6.95321e-310	6.95321e-310
1.96936	1.37896	0	6.95321e-310	6.95321e-310
2.02764	1.29175	0	6.95321e-310	6.95321e-310
2.08205	1.20207	0	6.95321e-310	6.95321e-310
2.13251	1.11011	0	6.95321e-310	6.95321e-310
2.1789	1.01604	0	6.95321e-310	6.95321e-310
2.22114	0.920028	0	6.95321e-310	6.95321e-310
2.25916	0.822267	0	6.95321e-310	6.95321e-310
2.29288	0.722941	0	6.95321e-310	6.95321e-310
2.32223	0.622239	0	6.95321e-310	6.95321e-310
2.34716	0.520353	0	6.95321e-310	6.95321e-310
2.36762	0.417476	0	6.95321e-310	6.95321e-310
2.38358	0.313804	0	6.95321e-310	6.95321e-310
2.395	0.209535	0	6.95321e-310	6.95321e-310
2.40186	0.104867	0	6.95321e-310	6.95321e-310
2.40415	1.47212e-16	0	6.95321e-310	6.95321e-310

0	2.63589	0	6.95321e-310	6.95321e-310
0.114976	2.63338	0	6.95321e-310	6.95321e-310
0.229733	2.62586	0	6.95321e-310	6.95321e-310
0.344052	2.61334	0	6.95321e-310	6.95321e-310
0.457717	2.59584	0	6.95321e-310	6.95321e-310
0.570511	2.57341	0	6.95321e-310	6.95321e-310
0.682218	2.54607	0	6.95321e-310	6.95321e-310
0.792627	2.51389	0	6.95321e-310	6.95321e-310
0.901527	2.47692	0	6.95321e-310	6.95321e-310
1.00871	2.43524	0	6.95321e-310	6.95321e-310
1.11397	2.38893	0	6.95321e-310	6.95321e-310
1.21712	2.33806	0	6.95321e-310	6.95321e-310
1.31794	2.28275	0	6.95321e-310	6.95321e-310
1.41626	2.22309	0	6.95321e-310	6.95321e-310
1.51188	2.15919	0	6.95321e-310	6.95321e-310
1.60463	2.09119	0	6.95321e-310	6.95321e-310
1.69432	2.01921	0	6.95321e-310	6.95321e-310
1.78078	1.94338	0	6.95321e-310	6.95321e-310
1.86385	1.86385	0	6.95321e-310	6.95321e-310
1.94338	1.78078	0	6.95321e-310	6.95321e-310
2.01921	1.69432	0	6.95321e-310	6.95321e-310
2.09119	1.60463	0	6.95321e-310	6.95321e-310
2.15919	1.51188	0	6.95321e-310	6.95321e-310
2.22309	1.41626	0	6.95321e-310	6.95321e-310
2.28275	1.31794	0	6.95321e-310	6.95321e-310
2.33806	1.21712	0	6.95321e-310	6.95321e-310
2.38893	1.11397	0	6.95321e-310	6.95321e-310
2.43524	1.00871	0	6.95321e-310	6.95321e-310
2.47692	0.901527	0	6.95321e-310	6.95321e-310
2.51389	0.792627	0	6.95321e-310	6.95321e-310
2.54607	0.682218	0	6.95321e-310	6.95321e-310
2.57341	0.570511	0	6.95321e-310	6.95321e-310
2.59584	0.457717	0	6.95321e-310	6.95321e-310
2.61334	0.344052	0	6.95321e-310	6.95321e-310
2.62586	0.229733	0	6.95321e-310	6.95321e-310
2.63338	0.114976	0	6.95321e-310	6.95321e-310
2.63589	1.61402e-16	0	6.95321e-310	6.95321e-310

0	2.88997	0	6.95321e-310	6.95321e-310
0.126059	2.88721	0	6.95321e-310	6.95321e-310
0.251877	2.87897	0	6.95321e-310	6.95321e-310
0.377216	2.86524	0	6.95321e-310	6.95321e-310
0.501837	2.84606	0	6.95321e-310	6.95321e-310
0.625503	2.82146	0	6.95321e-310	6.95321e-310
0.747978	2.79149	0	6.95321e-310	6.95321e-310
0.869029	2.75621	0	6.95321e-310	6.95321e-310
0.988426	2.71568	0	6.95321e-310	6.95321e-310
1.10594	2.66998	0	6.95321e-310	6.95321e-310
1.22135	2.6192	0	6.95321e-310	6.95321e-310
1.33444	2.56343	0	6.95321e-310	6.95321e-310
1.44498	2.50278	0	6.95321e-310	6.95321e-310
1.55278	2.43737	0	6.95321e-310	6.95321e-310
1.65762	2.36732	0	6.95321e-310	6.95321e-310
1.7593	2.29276	0	6.95321e-310	6.95321e-310
1.85763	2.21384	0	6.95321e-310	6.95321e-310
1.95243	2.13071	0	6.95321e-310	6.95321e-310
2.04351	2.04351	0	6.95321e-310	6.95321e-310
2.13071	1.95243	0	6.95321e-310	6.95321e-310
2.21384	1.85763	0	6.95321e-310	6.95321e-310
2.29276	1.7593	0	6.95321e-310	6.95321e-310
2.36732	1.65762	0	6.95321e-310	6.95321e-310
2.43737	1.55278	0	6.95321e-310	6.95321e-310
2.50278	1.44498	0	6.95321e-310	6.95321e-310
2.56343	1.33444	0	6.95321e-310	6.95321e-310
2.6192	1.22135	0	6.95321e-310	6.95321e-310
2.66998	1.10594	0	6.95321e-310	6.95321e-310
2.71568	0.988426	0	6.95321e-310	6.95321e-310
2.75621	0.869029	0	6.95321e-310	6.95321e-310
2.79149	0.747978	0	6.95321e-310	6.95321e-310
2.82146	0.625503	0	6.95321e-310	6.95321e-310
2.84606	0.501837	0	6.95321e-310	6.95321e-310
2.86524	0.377216	0	6.95321e-310	6.95321e-310
2.87897	0.251877	0	6.95321e-310	6.95321e-310
2.88721	0.126059	0	6.95321e-310	6.95321e-310
2.88997	1.76959e-16	0	6.95321e-310	6.95321e-310

0	3.16853	0	6.95321e-310	6.95321e-310
0.138209	3.16552	0	6.95321e-310	6.95321e-310
0.276156	3.15648	0	6.95321e-310	6.95321e-310
0.413577	3.14143	0	6.95321e-310	6.95321e-310
0.55021	3.1204	0	6.95321e-310	6.95321e-310
0.685796	3.09343	0	6.95321e-310	6.95321e-310
0.820077	3.06057	0	6.95321e-310	6.95321e-310
0.952796	3.02188	0	6.95321e-310	6.95321e-310
1.0837	2.97745	0	6.95321e-310	6.95321e-310
1.21255	2.92734	0	6.95321e-310	6.95321e-310
1.33908	2.87167	0	6.95321e-310	6.95321e-310
1.46307	2.81052	0	6.95321e-310	6.95321e-310
1.58427	2.74403	0	6.95321e-310	6.95321e-310
1.70245	2.67231	0	6.95321e-310	6.95321e-310
1.8174	2.59551	0	6.95321e-310	6.95321e-310
1.92888	2.51377	0	6.95321e-310	6.95321e-310
2.03669	2.42724	0	6.95321e-310	6.95321e-310
2.14063	2.33609	0	6.95321e-310	6.95321e-310
2.24049	2.24049	0	6.95321e-310	6.95321e-310
2.33609	2.14063	0	6.95321e-310	6.95321e-310
2.42724	2.03669	0	6.95321e-310	6.95321e-310
2.51377	1.92888	0	6.95321e-310	6.95321e-310
2.59551	1.8174	0	6.95321e-310	6.95321e-310
2.67231	1.70245	0	6.95321e-310	6.95321e-310
2.74403	1.58427	0	6.95321e-310	6.95321e-310
2.81052	1.46307	0	6.95321e-310	6.95321e-310
2.87167	1.33908	0	6.95321e-310	6.95321e-310
2.92734	1.21255	0	6.95321e-310	6.95321e-310
2.97745	1.0837	0	6.95321e-310	6.95321e-310
3.02188	0.952796	0	6.95321e-310	6.95321e-310
3.06057	0.820077	0	6.95321e-310	6.95321e-310
3.09343	0.685796	0	6.95321e-310	6.95321e-310
3.1204	0.55021	0	6.95321e-310	6.95321e-310
3.14143	0.413577	0	6.95321e-310	6.95321e-310
3.15648	0.276156	0	6.95321e-310	6.95321e-310
3.16552	0.138209	0	6.95321e-310	6.95321e-310
3.16853	1.94017e-16	0	6.95321e-310	6.95321e-310

0	3.47395	0	6.95321e-310	6.95321e-310
0.151532	3.47065	0	6.95321e-310	6.95321e-310
0.302775	3.46073	0	6.95321e-310	6.95321e-310
0.453442	3.44423	0	6.95321e-310	6.95321e-310
0.603246	3.42118	0	6.95321e-310	6.95321e-310
0.751901	3.39161	0	6.95321e-310	6.95321e-310
0.899125	3.35558	0	6.95321e-310	6.95321e-310
1.04464	3.31317	0	6.95321e-310	6.95321e-310
1.18816	3.26445	0	6.95321e-310	6.95321e-310
1.32942	3.20951	0	6.95321e-310	6.95321e-310
1.46816	3.14847	0	6.95321e-310	6.95321e-310
1.60409	3.08143	0	6.95321e-310	6.95321e-310
1.73698	3.00853	0	6.95321e-310	6.95321e-310
1.86655	2.9299	0	6.95321e-310	6.95321e-310
1.99258	2.8457	0	6.95321e-310	6.95321e-310
2.11481	2.75607	0	6.95321e-310	6.95321e-310
2.23301	2.6612	0	6.95321e-310	6.95321e-310
2.34697	2.56127	0	6.95321e-310	6.95321e-310
2.45646	2.45646	0	6.95321e-310	6.95321e-310
2.56127	2.34697	0	6.95321e-310	6.95321e-310
2.6612	2.23301	0	6.95321e-310	6.95321e-310
2.75607	2.11481	0	6.95321e-310	6.95321e-310
2.8457	1.99258	0	6.95321e-310	6.95321e-310
2.9299	1.86655	0	6.95321e-310	6.95321e-310
3.00853	1.73698	0	6.95321e-310	6.95321e-310
3.08143	1.60409	0	6.95321e-310	6.95321e-310
3.14847	1.46816	0	6.95321e-310	6.95321e-310
3.20951	1.32942	0	6.95321e-310	6.95321e-310
3.26445	1.18816	0	6.95321e-310	6.95321e-310
3.31317	1.04464	0	6.95321e-310	6.95321e-310
3.35558	0.899125	0	6.95321e-310	6.95321e-310
3.39161	0.751901	0	6.95321e-310	6.95321e-310
3.42118	0.603246	0	6.95321e-310	6.95321e-310
3.44423	0.453442	0	6.95321e-310	6.95321e-310
3.46073	0.302775	0	6.95321e-310	6.95321e-310
3.47065	0.151532	0	6.95321e-310	6.95321e-310
3.47395	2.12718e-16	0	6.95321e-310	6.95321e-310

0	3.80881	0	6.95321e-310	6.95321e-310
0.166138	3.80519	0	6.95321e-310	6.95321e-310
0.33196	3.79432	0	6.95321e-310	6.95321e-310
0.49715	3.77623	0	6.95321e-310	6.95321e-310
0.661393	3.75095	0	6.95321e-310	6.95321e-310
0.824378	3.71853	0	6.95321e-310	6.95321e-310
0.985793	3.67903	0	6.95321e-310	6.95321e-310
1.14533	3.63253	0	6.95321e-310	6.95321e-310
1.30269	3.57911	0	6.95321e-310	6.95321e-310
1.45757	3.51888	0	6.95321e-310	6.95321e-310
1.60967	3.45196	0	6.95321e-310	6.95321e-310
1.75871	3.37846	0	6.95321e-310	6.95321e-310
1.90441	3.29853	0	6.95321e-310	6.95321e-310
2.04647	3.21232	0	6.95321e-310	6.95321e-310
2.18465	3.12	0	6.95321e-310	6.95321e-310
2.31866	3.02173	0	6.95321e-310	6.95321e-310
2.44826	2.91772	0	6.95321e-310	6.95321e-310
2.5732	2.80815	0	6.95321e-310	6.95321e-310
2.69324	2.69324	0	6.95321e-310	6.95321e-310
2.80815	2.5732	0	6.95321e-310	6.95321e-310
2.91772	2.44826	0	6.95321e-310	6.95321e-310
3.02173	2.31866	0	6.95321e-310	6.95321e-310
3.12	2.18465	0	6.95321e-310	6.95321e-310
3.21232	2.04647	0	6.95321e-310	6.95321e-310
3.29853	1.90441	0	6.95321e-310	6.95321e-310
3.37846	1.75871	0	6.95321e-310	6.95321e-310
3.45196	1.60967	0	6.95321e-310	6.95321e-310
3.51888	1.45757	0	6.95321e-310	6.95321e-310
3.57911	1.30269	0	6.95321e-310	6.95321e-310
3.63253	1.14533	0	6.95321e-310	6.95321e-310
3.67903	0.985793	0	6.95321e-310	6.95321e-310
3.71853	0.824378	0	6.95321e-310	6.95321e-310
3.75095	0.661393	0	6.95321e-310	6.95321e-310
3.77623	0.49715	0	6.95321e-310	6.95321e-310
3.79432	0.33196	0	6.95321e-310	6.95321e-310
3.80519	0.166138	0	6.95321e-310	6.95321e-310
3.80881	2.33223e-16	0	6.95321e-310	6.95321e-310

0	4.17595	0	6.95321e-310	6.95321e-310
0.182152	4.17198	0	6.95321e-310	6.95321e-310
0.363958	4.16006	0	6.95321e-310	6.95321e-310
0.545071	4.14022	0	6.95321e-310	6.95321e-310
0.725146	4.11251	0	6.95321e-310	6.95321e-310
0.903841	4.07696	0	6.95321e-310	6.95321e-310
1.08082	4.03366	0	6.95321e-310	6.95321e-310
1.25573	3.98267	0	6.95321e-310	6.95321e-310
1.42826	3.92411	0	6.95321e-310	6.95321e-310
1.59807	3.85808	0	6.95321e-310	6.95321e-310
1.76483	3.7847	0	6.95321e-310	6.95321e-310
1.92824	3.70411	0	6.95321e-310	6.95321e-310
2.08798	3.61648	0	6.95321e-310	6.95321e-310
2.24374	3.52196	0	6.95321e-310	6.95321e-310
2.39523	3.42074	0	6.95321e-310	6.95321e-310
2.54216	3.313	0	6.95321e-310	6.95321e-310
2.68425	3.19896	0	6.95321e-310	6.95321e-310
2.82123	3.07883	0	6.95321e-310	6.95321e-310
2.95284	2.95284	0	6.95321e-310	6.95321e-310
3.07883	2.82123	0	6.95321e-310	6.95321e-310
3.19896	2.68425	0	6.95321e-310	6.95321e-310
3.313	2.54216	0	6.95321e-310	6.95321e-310
3.42074	2.39523	0	6.95321e-310	6.95321e-310
3.52196	2.24374	0	6.95321e-310	6.95321e-310
3.61648	2.08798	0	6.95321e-310	6.95321e-310
3.70411	1.92824	0	6.95321e-310	6.95321e-310
3.7847	1.76483	0	6.95321e-310	6.95321e-310
3.85808	1.59807	0	6.95321e-310	6.95321e-310
3.92411	1.42826	0	6.95321e-310	6.95321e-310
3.98267	1.25573	0	6.95321e-310	6.95321e-310
4.03366	1.08082	0	6.95321e-310	6.95321e-310
4.07696	0.903841	0	6.95321e-310	6.95321e-310
4.11251	0.725146	0	6.95321e-310	6.95321e-310
4.14022	0.545071	0	6.95321e-310	6.95321e-310
4.16006	0.363958	0	6.95321e-310	6.95321e-310
4.17198	0.182152	0	6.95321e-310	6.95321e-310
4.17595	2.55703e-16	0	6.95321e-310	6.95321e-310

0	4.57848	0	6.95321e-310	6.95321e-310
0.19971	4.57412	0	6.95321e-310	6.95321e-310
0.399041	4.56105	0	6.95321e-310	6.95321e-310
0.597611	4.53931	0	6.95321e-310	6.95321e-310
0.795044	4.50892	0	6.95321e-310	6.95321e-310
0.990964	4.46995	0	6.95321e-310	6.95321e-310
1.185	4.42247	0	6.95321e-310	6.95321e-310
1.37677	4.36657	0	6.95321e-310	6.95321e-310
1.56593	4.30236	0	6.95321e-310	6.95321e-310
1.75211	4.22996	0	6.95321e-310	6.95321e-310
1.93495	4.14951	0	6.95321e-310	6.95321e-310
2.11411	4.06116	0	6.95321e-310	6.95321e-310
2.28924	3.96508	0	6.95321e-310	6.95321e-310
2.46001	3.86145	0	6.95321e-310	6.95321e-310
2.62611	3.75047	0	6.95321e-310	6.95321e-310
2.7872	3.63235	0	6.95321e-310	6.95321e-310
2.94299	3.50732	0	6.95321e-310	6.95321e-310
3.09317	3.37561	0	6.95321e-310	6.95321e-310
3.23747	3.23747	0	6.95321e-310	6.95321e-310
3.37561	3.09317	0	6.95321e-310	6.95321e-310
3.50732	2.94299	0	6.95321e-310	6.95321e-310
3.63235	2.7872	0	6.95321e-310	6.95321e-310
3.75047	2.62611	0	6.95321e-310	6.95321e-310
3.86145	2.46001	0	6.95321e-310	6.95321e-310
3.96508	2.28924	0	6.95321e-310	6.95321e-310
4.06116	2.11411	0	6.95321e-310	6.95321e-310
4.14951	1.93495	0	6.95321e-310	6.95321e-310
4.22996	1.75211	0	6.95321e-310	6.95321e-310
4.30236	1.56593	0	6.95321e-310	6.95321e-310
4.36657	1.37677	0	6.95321e-310	6.95321e-310
4.42247	1.185	0	6.95321e-310	6.95321e-310
4.46995	0.990964	0	6.95321e-310	6.95321e-310
4.50892	0.795044	0	6.95321e-310	6.95321e-310
4.53931	0.597611	0	6.95321e-310	6.95321e-310
4.56105	0.399041	0	6.95321e-310	6.95321e-310
4.57412	0.19971	0	6.95321e-310	6.95321e-310
4.57848	2.80351e-16	0	6.95321e-310	6.95321e-310

0	5.0198	0	6.95321e-310	6.95321e-310
0.218961	5.01503	0	6.95321e-310	6.95321e-310
0.437505	5.0007	0	6.95321e-310	6.95321e-310
0.655216	4.97686	0	6.95321e-310	6.95321e-310
0.87168	4.94354	0	6.95321e-310	6.95321e-310
1.08648	4.90081	0	6.95321e-310	6.95321e-310
1.29922	4.84876	0	6.95321e-310	6.95321e-310
1.50948	4.78747	0	6.95321e-310	6.95321e-310
1.71687	4.71707	0	6.95321e-310	6.95321e-310
1.921	4.63769	0	6.95321e-310	6.95321e-310
2.12146	4.54949	0	6.95321e-310	6.95321e-310
2.31789	4.45262	0	6.95321e-310	6.95321e-310
2.5099	4.34728	0	6.95321e-310	6.95321e-310
2.69714	4.23366	0	6.95321e-310	6.95321e-310
2.87924	4.11198	0	6.95321e-310	6.95321e-310
3.05586	3.98248	0	6.95321e-310	6.95321e-310
3.22667	3.84539	0	6.95321e-310	6.95321e-310
3.39133	3.70099	0	6.95321e-310	6.95321e-310
3.54954	3.54954	0	6.95321e-310	6.95321e-310
3.70099	3.39133	0	6.95321e-310	6.95321e-310
3.84539	3.22667	0	6.95321e-310	6.95321e-310
3.98248	3.05586	0	6.95321e-310	6.95321e-310
4.11198	2.87924	0	6.95321e-310	6.95321e-310
4.23366	2.69714	0	6.95321e-310	6.95321e-310
4.34728	2.5099	0	6.95321e-310	6.95321e-310
4.45262	2.31789	0	6.95321e-310	6.95321e-310
4.54949	2.12146	0	6.95321e-310	6.95321e-310
4.63769	1.921	0	6.95321e-310	6.95321e-310
4.71707	1.71687	0	6.95321e-310	6.95321e-310
4.78747	1.50948	0	6.95321e-310	6.95321e-310
4.84876	1.29922	0	6.95321e-310	6.95321e-310
4.90081	1.08648	0	6.95321e-310	6.95321e-310
4.94354	0.87168	0	6.95321e-310	6.95321e-310
4.97686	0.655216	0	6.95321e-310	6.95321e-310
5.0007	0.437505	0	6.95321e-310	6.95321e-310
5.01503	0.218961	0	6.95321e-310	6.95321e-310
5.0198	3.07374e-16	0	6.95321e-310	6.95321e-310

0	5.50367	0	6.95321e-310	6.95321e-310
0.240067	5.49843	0	6.95321e-310	6.95321e-310
0.479676	5.48273	0	6.95321e-310	6.95321e-310
0.718373	5.45658	0	6.95321e-310	6.95321e-310
0.955702	5.42006	0	6.95321e-310	6.95321e-310
1.19121	5.37321	0	6.95321e-310	6.95321e-310
1.42445	5.31614	0	6.95321e-310	6.95321e-310
1.65499	5.24894	0	6.95321e-310	6.95321e-310
1.88237	5.17176	0	6.95321e-310	6.95321e-310
2.10616	5.08473	0	6.95321e-310	6.95321e-310
2.32595	4.98802	0	6.95321e-310	6.95321e-310
2.54131	4.88181	0	6.95321e-310	6.95321e-310
2.75183	4.76632	0	6.95321e-310	6.95321e-310
2.95712	4.64175	0	6.95321e-310	6.95321e-310
3.15678	4.50834	0	6.95321e-310	6.95321e-310
3.35042	4.36635	0	6.95321e-310	6.95321e-310
3.53769	4.21606	0	6.95321e-310	6.95321e-310
3.71823	4.05773	0	6.95321e-310	6.95321e-310
3.89168	3.89168	0	6.95321e-310	6.95321e-310
4.05773	3.71823	0	6.95321e-310	6.95321e-310
4.21606	3.53769	0	6.95321e-310	6.95321e-310
4.36635	3.35042	0	6.95321e-310	6.95321e-310
4.50834	3.15678	0	6.95321e-310	6.95321e-310
4.64175	2.95712	0	6.95321e-310	6.95321e-310
4.76632	2.75183	0	6.95321e-310	6.95321e-310
4.88181	2.54131	0	6.95321e-310	6.95321e-310
4.98802	2.32595	0	6.95321e-310	6.95321e-310
5.08473	2.10616	0	6.95321e-310	6.95321e-310
5.17176	1.88237	0	6.95321e-310	6.95321e-310
5.24894	1.65499	0	6.95321e-310	6.95321e-310
5.31614	1.42445	0	6.95321e-310	6.95321e-310
5.37321	1.19121	0	6.95321e-310	6.95321e-310
5.42006	0.955702	0	6.95321e-310	6.95321e-310
5.45658	0.718373	0	6.95321e-310	6.95321e-310
5.48273	0.479676	0	6.95321e-310	6.95321e-310
5.49843	0.240067	0	6.95321e-310	6.95321e-310
5.50367	3.37003e-16	0	6.95321e-310	6.95321e-310

0	6.03418	0	6.95321e-310	6.95321e-310
0.263207	6.02843	0	6.95321e-310	6.95321e-310
0.525913	6.01121	0	6.95321e-310	6.95321e-310
0.787618	5.98255	0	6.95321e-310	6.95321e-310
1.04782	5.9425	0	6.95321e-310	6.95321e-310
1.30603	5.89114	0	6.95321e-310	6.95321e-310
1.56176	5.82857	0	6.95321e-310	6.95321e-310
1.81451	5.7549	0	6.95321e-310	6.95321e-310
2.06381	5.67027	0	6.95321e-310	6.95321e-310
2.30918	5.57485	0	6.95321e-310	6.95321e-310
2.55015	5.46882	0	6.95321e-310	6.95321e-310
2.78627	5.35238	0	6.95321e-310	6.95321e-310
3.01709	5.22575	0	6.95321e-310	6.95321e-310
3.24216	5.08917	0	6.95321e-310	6.95321e-310
3.46106	4.94291	0	6.95321e-310	6.95321e-310
3.67337	4.78723	0	6.95321e-310	6.95321e-310
3.87869	4.62245	0	6.95321e-310	6.95321e-310
4.07663	4.44886	0	6.95321e-310	6.95321e-310
4.26681	4.26681	0	6.95321e-310	6.95321e-310
4.44886	4.07663	0	6.95321e-310	6.95321e-310
4.62245	3.87869	0	6.95321e-310	6.95321e-310
4.78723	3.67337	0	6.95321e-310	6.95321e-310
4.94291	3.46106	0	6.95321e-310	6.95321e-310
5.08917	3.24216	0	6.95321e-310	6.95321e-310
5.22575	3.01709	0	6.95321e-310	6.95321e-310
5.35238	2.78627	0	6.95321e-310	6.95321e-310
5.46882	2.55015	0	6.95321e-310	6.95321e-310
5.57485	2.30918	0	6.95321e-310	6.95321e-310
5.67027	2.06381	0	6.95321e-310	6.95321e-310
5.7549	1.81451	0	6.95321e-310	6.95321e-310
5.82857	1.56176	0	6.95321e-310	6.95321e-310
5.89114	1.30603	0	6.95321e-310	6.95321e-310
5.9425	1.04782	0	6.95321e-310	6.95321e-310
5.98255	0.787618	0	6.95321e-310	6.95321e-310
6.01121	0.525913	0	6.95321e-310	6.95321e-310
6.02843	0.263207	0	6.95321e-310	6.95321e-310
6.03418	3.69487e-16	0	6.95321e-310	6.95321e-310

0	6.61582	0	6.95321e-310	6.95321e-310
0.288578	6.60952	0	6.95321e-310	6.95321e-310
0.576607	6.59064	0	6.95321e-310	6.95321e-310
0.863538	6.55922	0	6.95321e-310	6.95321e-310
1.14883	6.51531	0	6.95321e-310	6.95321e-310
1.43193	6.459	0	6.95321e-310	6.95321e-310
1.7123	6.39039	0	6.95321e-310	6.95321e-310
1.98942	6.30962	0	6.95321e-310	6.95321e-310
2.26274	6.21684	0	6.95321e-310	6.95321e-310
2.53176	6.11222	0	6.95321e-310	6.95321e-310
2.79597	5.99597	0	6.95321e-310	6.95321e-310
3.05485	5.8683	0	6.95321e-310	6.95321e-310
3.30791	5.72947	0	6.95321e-310	6.95321e-310
3.55468	5.57973	0	6.95321e-310	6.95321e-310
3.79468	5.41936	0	6.95321e-310	6.95321e-310
4.02746	5.24868	0	6.95321e-310	6.95321e-310
4.25257	5.06801	0	6.95321e-310	6.95321e-310
4.46958	4.87769	0	6.95321e-310	6.95321e-310
4.67809	4.67809	0	6.95321e-310	6.95321e-310
4.87769	4.46958	0	6.95321e-310	6.95321e-310
5.06801	4.25257	0	6.95321e-310	6.95321e-310
5.24868	4.02746	0	6.95321e-310	6.95321e-310
5.41936	3.79468	0	6.95321e-310	6.95321e-310
5.57973	3.55468	0	6.95321e-310	6.95321e-310
5.72947	3.30791	0	6.95321e-310	6.95321e-310
5.8683	3.05485	0	6.95321e-310	6.95321e-310
5.99597	2.79597	0	6.95321e-310	6.95321e-310
6.11222	2.53176	0	6.95321e-310	6.95321e-310
6.21684	2.26274	0	6.95321e-310	6.95321e-310
6.30962	1.98942	0	6.95321e-310	6.95321e-310
6.39039	1.7123	0	6.95321e-310	6.95321e-310
6.459	1.43193	0	6.95321e-310	6.95321e-310
6.51531	1.14883	0	6.95321e-310	6.95321e-310
6.55922	0.863538	0	6.95321e-310	6.95321e-310
6.59064	0.576607	0	6.95321e-310	6.95321e-310
6.60952	0.288578	0	6.95321e-310	6.95321e-310
6.61582	4.05102e-16	0	6.95321e-310	6.95321e-310

0	7.25353	0	6.95321e-310	6.95321e-310
0.316394	7.24662	0	6.95321e-310	6.95321e-310
0.632187	7.22593	0	6.95321e-310	6.95321e-310
0.946775	7.19147	0	6.95321e-310	6.95321e-310
1.25956	7.14333	0	6.95321e-310	6.95321e-310
1.56995	7.08159	0	6.95321e-310	6.95321e-310
1.87735	7.00637	0	6.95321e-310	6.95321e-310
2.18118	6.91781	0	6.95321e-310	6.95321e-310
2.48085	6.81609	0	6.95321e-310	6.95321e-310
2.77581	6.70139	0	6.95321e-310	6.95321e-310
3.06547	6.57393	0	6.95321e-310	6.95321e-310
3.34931	6.43396	0	6.95321e-310	6.95321e-310
3.62676	6.28174	0	6.95321e-310	6.95321e-310
3.89732	6.11756	0	6.95321e-310	6.95321e-310
4.16045	5.94174	0	6.95321e-310	6.95321e-310
4.41567	5.75461	0	6.95321e-310	6.95321e-310
4.66248	5.55653	0	6.95321e-310	6.95321e-310
4.90041	5.34786	0	6.95321e-310	6.95321e-310
5.12902	5.12902	0	6.95321e-310	6.95321e-310
5.34786	4.90041	0	6.95321e-310	6.95321e-310
5.55653	4.66248	0	6.95321e-310	6.95321e-310
5.75461	4.41567	0	6.95321e-310	6.95321e-310
5.94174	4.16045	0	6.95321e-310	6.95321e-310
6.11756	3.89732	0	6.95321e-310	6.95321e-310
6.28174	3.62676	0	6.95321e-310	6.95321e-310
6.43396	3.34931	0	6.95321e-310	6.95321e-310
6.57393	3.06547	0	6.95321e-310	6.95321e-310
6.70139	2.77581	0	6.95321e-310	6.95321e-310
6.81609	2.48085	0	6.95321e-310	6.95321e-310
6.91781	2.18118	0	6.95321e-310	6.95321e-310
7.00637	1.87735	0	6.95321e-310	6.95321e-310
7.08159	1.56995	0	6.95321e-310	6.95321e-310
7.14333	1.25956	0	6.95321e-310	6.95321e-310
7.19147	0.946775	0	6.95321e-310	6.95321e-310
7.22593	0.632187	0	6.95321e-310	6.95321e-310
7.24662	0.316394	0	6.95321e-310	6.95321e-310
7.25353	4.44151e-16	0	6.95321e-310	6.95321e-310

0	7.95271	0	6.95321e-310	6.95321e-310
0.346892	7.94514	0	6.95321e-310	6.95321e-310
0.693124	7.92244	0	6.95321e-310	6.95321e-310
1.03804	7.88467	0	6.95321e-310	6.95321e-310
1.38097	7.83189	0	6.95321e-310	6.95321e-310
1.72128	7.7642	0	6.95321e-310	6.95321e-310
2.05831	7.68173	0	6.95321e-310	6.95321e-310
2.39143	7.58463	0	6.95321e-310	6.95321e-310
2.71999	7.4731	0	6.95321e-310	6.95321e-310
3.04337	7.34734	0	6.95321e-310	6.95321e-310
3.36096	7.2076	0	6.95321e-310	6.95321e-310
3.67215	7.05414	0	6.95321e-310	6.95321e-310
3.97635	6.88725	0	6.95321e-310	6.95321e-310
4.27299	6.70725	0	6.95321e-310	6.95321e-310
4.56149	6.51448	0	6.95321e-310	6.95321e-310
4.8413	6.30931	0	6.95321e-310	6.95321e-310
5.1119	6.09213	0	6.95321e-310	6.95321e-310
5.37277	5.86335	0	6.95321e-310	6.95321e-310
5.62341	5.62341	0	6.95321e-310	6.95321e-310
5.86335	5.37277	0	6.95321e-310	6.95321e-310
6.09213	5.1119	0	6.95321e-310	6.95321e-310
6.30931	4.8413	0	6.95321e-310	6.95321e-310
6.51448	4.56149	0	6.95321e-310	6.95321e-310
6.70725	4.27299	0	6.95321e-310	6.95321e-310
6.88725	3.97635	0	6.95321e-310	6.95321e-310
7.05414	3.67215	0	6.95321e-310	6.95321e-310
7.2076	3.36096	0	6.95321e-310	6.95321e-310
7.34734	3.04337	0	6.95321e-310	6.95321e-310
7.4731	2.71999	0	6.95321e-310	6.95321e-310
7.58463	2.39143	0	0	4.44951
7.68173	2.05831	0	0	4.44951
7.7642	1.72128	0	0	4.44951
7.83189	1.38097	0.168446	7.70657e-05	4.44951
7.88467	1.03804	1.24116	0.00215016	4.44951
7.92244	0.693124	2.31837	0.00609158	4.44951
7.94514	0.346892	3.05557	0.00965112	4.44951
7.95271	4.86963e-16	3.31449	0.0110523	4.44951

0	8.71928	0	0.0110523	4.44951
0.38033	8.71098	0	0.0110523	4.44951
0.759935	8.6861	0	0.0110523	4.44951
1.13809	8.64469	0	0.0110523	4.44951
1.51409	8.58682	0	0.0110523	4.44951
1.8872	8.5126	0	0.0110523	4.44951
2.25672	8.42218	0	0.0110523	4.44951
2.62194	8.31573	0	0.0110523	4.44951
2.98217	8.19344	0	0.0110523	4.44951
3.33672	8.05557	0	0.0110523	4.44951
3.68493	7.90235	0	0.0110523	4.44951
4.02612	7.7341	0	0.0110523	4.44951
4.35964	7.55112	0	0.0110523	4.44951
4.68487	7.35377	0	0.0110523	4.44951
5.00117	7.14242	0	0.0110523	4.44951
5.30796	6.91747	0	0.0110523	4.44951
5.60465	6.67936	0	0.0110523	4.44951
5.89066	6.42853	0	0.0110523	4.44951
6.16546	6.16546	0	0.0110523	4.44951
6.42853	5.89066	0	0.0110523	4.44951
6.67936	5.60465	0	0.0110523	4.44951
6.91747	5.30796	0	0.0110523	4.44951
7.14242	5.00117	0	0.0110523	4.44951
7.35377	4.68487	0	0.0110523	4.44951
7.55112	4.35964	0	0	4.44951
7.7341	4.02612	0	0	4.44951
7.90235	3.68493	0	0	4.44951
8.05557	3.33672	0	0	4.44951
8.19344	2.98217	0	0	4.44951
8.31573	2.62194	0	0	4.44951
8.42218	2.25672	1.57926	0.00321254	4.44951
8.5126	1.8872	3.99203	0.0150689	4.44951
8.58682	1.51409	6.37816	0.0329041	4.44951
8.64469	1.13809	8.42649	0.0523403	4.44951
8.6861	0.759935	9.97475	0.0693311	4.44951
8.71098	0.38033	10.9337	0.0807924	4.44951
8.71928	5.33902e-16	11.258	0.0848256	4.44951

0	9.55975	0	0.0848256	4.44951
0.41699	9.55065	0	0.0848256	4.44951
0.833187	9.52337	0	0.0848256	4.44951
1.2478	9.47796	0	0.0848256	4.44951
1.66003	9.41451	0	0.0848256	4.44951
2.06911	9.33314	0	0.0848256	4.44951
2.47424	9.23401	0	0.0848256	4.44951
2.87467	9.11729	0	0.0848256	4.44951
3.26963	8.98322	0	0.0848256	4.44951
3.65836	8.83205	0	0.0848256	4.44951
4.04012	8.66407	0	0.0848256	4.44951
4.4142	8.4796	0	0.0848256	4.44951
4.77987	8.27898	0	0.0848256	4.44951
5.13645	8.06261	0	0.0848256	4.44951
5.48324	7.83089	0	0.0848256	4.44951
5.8196	7.58426	0	0.0848256	4.44951
6.14489	7.32319	0	0.0848256	4.44951
6.45847	7.04818	0	0.0848256	4.44951
6.75976	6.75976	0	0.0848256	4.44951
7.04818	6.45847	0	0.0848256	4.44951
7.32319	6.14489	0	0.0848256	4.44951
7.58426	5.8196	0	0	4.44951
7.83089	5.48324	0	0	4.44951
8.06261	5.13645	0	0	4.44951
8.27898	4.77987	0	0	4.44951
8.4796	4.4142	0	0	4.44951
8.66407	4.04012	0	0	4.44951
8.83205	3.65836	0	0	4.44951
8.98322	3.26963	1.82003	0.00406964	4.44951
9.11729	2.87467	4.93566	0.0214618	4.44951
9.23401	2.47424	8.21519	0.0501712	4.44951
9.33314	2.06911	11.2827	0.0851359	4.44951
9.41451	1.66003	13.9448	0.121183	4.44951
9.47796	1.2478	16.092	0.153854	4.44951
9.52337	0.833187	17.6607	0.179655	4.44951
9.55065	0.41699	18.6144	0.196113	4.44951
9.55975	5.85366e-16	18.9343	0.201761	4.44951

0	10.4812	0	0.201761	4.44951
0.457185	10.4712	0	0.201761	4.44951
0.913499	10.4413	0	0.201761	4.44951
1.36807	10.3916	0	0.201761	4.44951
1.82005	10.322	0	0.201761	4.44951
2.26855	10.2328	0	0.201761	4.44951
2.71274	10.1241	0	0.201761	4.44951
3.15176	9.99612	0	0.201761	4.44951
3.58479	9.84913	0	0.201761	4.44951
4.01099	9.68339	0	0.201761	4.44951
4.42956	9.49921	0	0.201761	4.44951
4.83969	9.29696	0	0.201761	4.44951
5.24061	9.07701	0	0.201761	4.44951
5.63156	8.83977	0	0.201761	4.44951
6.01178	8.58572	0	0.201761	4.44951
6.38056	8.31531	0	0.201761	4.44951
6.7372	8.02908	0	0.201761	4.44951
7.08101	7.72757	0	0.201761	4.44951
7.41134	7.41134	0	0.201761	4.44951
7.72757	7.08101	0	0	4.44951
8.02908	6.7372	0	0	4.44951
8.31531	6.38056	0	0	4.44951
8.58572	6.01178	0	0	4.44951
8.83977	5.63156	0	0	4.44951
9.07701	5.24061	0	0	4.44951
9.29696	4.83969	0	0	4.44951
9.49921	4.42956	0.905338	0.00127089	4.44951
9.68339	4.01099	4.10318	0.0157746	4.44951
9.84913	3.58479	7.83484	0.0463598	4.44951
9.99612	3.15176	11.5495	0.088518	4.44951
10.1241	2.71274	14.9912	0.136716	4.44951
10.2328	2.26855	18.022	0.185822	4.44951
10.322	1.82005	20.5637	0.231523	4.44951
10.3916	1.36807	22.5712	0.270407	4.44951
10.4413	0.913499	24.0188	0.299923	4.44951
10.4712	0.457185	24.892	0.318316	4.44951
10.4812	6.4179e-16	25.1838	0.324559	4.44951

0	11.4915	0	0.324559	4.44951
0.501253	11.4806	0	0.324559	4.44951
1.00155	11.4478	0	0.324559	4.44951
1.49994	11.3932	0	0.324559	4.44951
1.99548	11.3169	0	0.324559	4.44951
2.48722	11.2191	0	0.324559	4.44951
2.97423	11.1	0	0.324559	4.44951
3.45557	10.9597	0	0.324559	4.44951
3.93033	10.7985	0	0.324559	4.44951
4.39762	10.6168	0	0.324559	4.44951
4.85653	10.4149	0	0.324559	4.44951
5.3062	10.1931	0	0.324559	4.44951
5.74576	9.95195	0	0.324559	4.44951
6.17439	9.69185	0	0.324559	4.44951
6.59127	9.41331	0	0.324559	4.44951
6.9956	9.11684	0	0.324559	4.44951
7.38661	8.80302	0	0.324559	4.44951
7.76356	8.47244	0	0	4.44951
8.12574	8.12574	0	0	4.44951
8.47244	7.76356	0	0	4.44951
8.80302	7.38661	0	0	4.44951
9.11684	6.9956	0	0	4.44951
9.41331	6.59127	0	0	4.44951
9.69185	6.17439	0	0	4.44951
9.95195	5.74576	0	0	4.44951
10.1931	5.3062	2.16914	0.00545218	4.44951
10.4149	4.85653	5.86724	0.0286296	4.44951
10.6168	4.39762	9.86383	0.0680509	4.44951
10.7985	3.93033	13.7643	0.118581	4.44951
10.9597	3.45557	17.3746	0.174831	4.44951
11.1	2.97423	20.5909	0.232034	4.44951
11.2191	2.48722	23.3562	0.28626	4.44951
11.3169	1.99548	25.6392	0.334399	4.44951
11.3932	1.49994	27.4238	0.374085	4.44951
11.4478	1.00155	28.7018	0.403588	4.44951
11.4806	0.501253	29.4695	0.421741	4.44951
11.4915	7.03653e-16	29.7255	0.427865	4.44951

0	12.5992	0	0.427865	4.44951
0.54957	12.5872	0	0.427865	4.44951
1.09809	12.5513	0	0.427865	4.44951
1.64453	12.4914	0	0.427865	4.44951
2.18783	12.4078	0	0.427865	4.44951
2.72697	12.3006	0	0.427865	4.44951
3.26092	12.1699	0	0.427865	4.44951
3.78866	12.0161	0	0.427865	4.44951
4.30918	11.8394	0	0.427865	4.44951
4.82151	11.6402	0	0.427865	4.44951
5.32466	11.4188	0	0.427865	4.44951
5.81767	11.1756	0	0.427865	4.44951
6.29961	10.9112	0	0.427865	4.44951
6.76955	10.6261	0	0.427865	4.44951
7.22661	10.3207	0	0.427865	4.44951
7.66991	9.99563	0	0	4.44951
8.09862	9.65156	0	0	4.44951
8.5119	9.28911	0	0	4.44951
8.90899	8.90899	0	0	4.44951
9.28911	8.5119	0	0	4.44951
9.65156	8.09862	0	0	4.44951
9.99563	7.66991	0	0	4.44951
10.3207	7.22661	0	0	4.44951
10.6261	6.76955	0.192071	9.59097e-05	4.44951
10.9112	6.29961	3.07727	0.00976562	4.44951
11.1756	5.81767	6.9499	0.0379655	4.44951
11.4188	5.32466	11.0066	0.0816926	4.44951
11.6402	4.82151	14.9316	0.135812	4.44951
11.8394	4.30918	18.5688	0.195314	4.44951
12.0161	3.78866	21.8369	0.255903	4.44951
12.1699	3.26092	24.6937	0.3141	4.44951
12.3006	2.72697	27.1187	0.367176	4.44951
12.4078	2.18783	29.1033	0.413043	4.44951
12.4914	1.64453	30.6451	0.450152	4.44951
12.5513	1.09809	31.7446	0.477391	4.44951
12.5872	0.54957	32.4034	0.494018	4.44951
12.5992	7.71479e-16	32.6228	0.499606	4.44951

0	13.8137	0	0.499606	4.44951
0.602544	13.8005	0	0.499606	4.44951
1.20394	13.7611	0	0.499606	4.44951
1.80305	13.6955	0	0.499606	4.44951
2.39872	13.6038	0	0.499606	4.44951
2.98982	13.4862	0	0.499606	4.44951
3.57524	13.343	0	0.499606	4.44951
4.15385	13.1743	0	0.499606	4.44951
4.72455	12.9806	0	0.499606	4.44951
5.28626	12.7622	0	0.499606	4.44951
5.83791	12.5194	0	0.499606	4.44951
6.37844	12.2529	0	0.499606	4.44951
6.90683	11.963	0	0.499606	4.44951
7.42208	11.6503	0	0.499606	4.44951
7.92319	11.3155	0	0	4.44951
8.40923	10.9591	0	0	4.44951
8.87925	10.5819	0	0	4.44951
9.33238	10.1845	0	0	4.44951
9.76774	9.76774	0	0	4.44951
10.1845	9.33238	0	0	4.44951
10.5819	8.87925	0	0	4.44951
10.9591	8.40923	0	0	4.44951
11.3155	7.92319	0.45667	0.000406221	4.44951
11.6503	7.42208	3.53045	0.0122784	4.44951
11.963	6.90683	7.39263	0.0420813	4.44951
12.2529	6.37844	11.381	0.0863758	4.44951
12.5194	5.83791	15.2248	0.140285	4.44951
12.7622	5.28626	18.7923	0.199248	4.44951
12.9806	4.72455	22.0179	0.259448	4.44951
13.1743	4.15385	24.87	0.317846	4.44951
13.343	3.57524	27.3358	0.372087	4.44951
13.4862	2.98982	29.4127	0.420386	4.44951
13.6038	2.39872	31.1028	0.461413	4.44951
13.6955	1.80305	32.4105	0.494198	4.44951
13.7611	1.20394	33.3405	0.518058	4.44951
13.8005	0.602544	33.8968	0.532545	4.44951
13.8137	8.45843e-16	34.0819	0.537401	4.44951

0	15.1452	0	0.537401	4.44951
0.660624	15.1308	0	0.537401	4.44951
1.31999	15.0876	0	0.537401	4.44951
1.97684	15.0156	0	0.537401	4.44951
2.62993	14.9151	0	0.537401	4.44951
3.27802	14.7862	0	0.537401	4.44951
3.91986	14.6291	0	0.537401	4.44951
4.55425	14.4442	0	0.537401	4.44951
5.17996	14.2318	0	0.537401	4.44951
5.79581	13.9923	0	0.537401	4.44951
6.40063	13.7262	0	0.537401	4.44951
6.99327	13.4339	0	0.537401	4.44951
7.57259	13.1161	0	0	4.44951
8.1375	12.7733	0	0	4.44951
8.68692	12.4062	0	0	4.44951
9.21981	12.0155	0	0	4.44951
9.73514	11.6019	0	0	4.44951
10.2319	11.1662	0	0	4.44951
10.7093	10.7093	0	0	4.44951
11.1662	10.2319	0	0	4.44951
11.6019	9.73514	0	0	4.44951
12.0155	9.21981	0.537002	0.000532171	4.44951
12.4062	8.68692	3.56839	0.0124991	4.44951
12.7733	8.1375	7.30531	0.0412562	4.44951
13.1161	7.57259	11.1437	0.0833956	4.44951
13.4339	6.99327	14.8383	0.1344	4.44951
13.7262	6.40063	18.2729	0.190153	4.44951
13.9923	5.79581	21.3923	0.247278	4.44951
14.2318	5.17996	24.1726	0.303131	4.44951
14.4442	4.55425	26.6067	0.355694	4.44951
14.6291	3.91986	28.6962	0.403458	4.44951
14.7862	3.27802	30.4468	0.445309	4.44951
14.9151	2.62993	31.866	0.480437	4.44951
15.0156	1.97684	32.9609	0.508266	4.44951
15.0876	1.31999	33.7382	0.528397	4.44951
15.1308	0.660624	34.2025	0.540572	4.44951
15.1452	9.27375e-16	34.3569	0.544646	4.44951

0	16.6051	0	0.544646	4.44951
0.724302	16.5893	0	0.544646	4.44951
1.44723	16.5419	0	0.544646	4.44951
2.16739	16.463	0	0.544646	4.44951
2.88344	16.3528	0	0.544646	4.44951
3.59399	16.2114	0	0.544646	4.44951
4.2977	16.0393	0	0.544646	4.44951
4.99324	15.8365	0	0.544646	4.44951
5.67926	15.6036	0	0.544646	4.44951
6.35448	15.3411	0	0.544646	4.44951
7.0176	15.0493	0	0.544646	4.44951
7.66736	14.7289	0	0	4.44951
8.30253	14.3804	0	0	4.44951
8.92189	14.0046	0	0	4.44951
9.52427	13.6021	0	0	4.44951
10.1085	13.1737	0	0	4.44951
10.6735	12.7202	0	0	4.44951
11.2182	12.2425	0	0	4.44951
11.7415	11.7415	0	0	4.44951
12.2425	11.2182	0	0	4.44951
12.7202	10.6735	0.436	0.000376042	4.44951
13.1737	10.1085	3.27641	0.0108415	4.44951
13.6021	9.52427	6.81376	0.0367341	4.44951
14.0046	8.92189	10.4513	0.074939	4.44951
14.3804	8.30253	13.9548	0.121328	4.44951
14.7289	7.66736	17.2171	0.172196	4.44951
15.0493	7.0176	20.1898	0.224549	4.44951
15.3411	6.35448	22.8543	0.276081	4.44951
15.6036	5.67926	25.2073	0.325063	4.44951
15.8365	4.99324	27.2535	0.370221	4.44951
16.0393	4.2977	29.0012	0.410631	4.44951
16.2114	3.59399	30.4601	0.445632	4.44951
16.3528	2.88344	31.6394	0.474757	4.44951
16.463	2.16739	32.5474	0.497683	4.44951
16.5419	1.44723	33.191	0.514193	4.44951
16.5893	0.724302	33.5752	0.524149	4.44951
16.6051	1.01677e-15	33.7029	0.527476	4.44951

0	18.2056	0	0.527476	4.44951
0.794119	18.1883	0	0.527476	4.44951
1.58673	18.1364	0	0.527476	4.44951
2.37631	18.0499	0	0.527476	4.44951
3.16138	17.9291	0	0.527476	4.44951
3.94042	17.7741	0	0.527476	4.44951
4.71197	17.5853	0	0.527476	4.44951
5.47454	17.363	0	0.527476	4.44951
6.2267	17.1077	0	0.527476	4.44951
6.967	16.8198	0	0.527476	4.44951
7.69404	16.4999	0	0	4.44951
8.40643	16.1486	0	0	4.44951
9.10282	15.7665	0	0	4.44951
9.78188	15.3545	0	0	4.44951
10.4423	14.9132	0	0	4.44951
11.0829	14.4435	0	0	4.44951
11.7024	13.9463	0	0	4.44951
12.2996	13.4226	0	0	4.44951
12.8733	12.8733	0	0	4.44951
13.4226	12.2996	0.222171	0.000122247	4.44951
13.9463	11.7024	2.7506	0.00809974	4.44951
14.4435	11.0829	6.03768	0.030029	4.44951
14.9132	10.4423	9.44332	0.0632848	4.44951
15.3545	9.78188	12.732	0.104132	4.44951
15.7665	9.10282	15.7999	0.149227	4.44951
16.1486	8.40643	18.6025	0.195903	4.44951
16.4999	7.69404	21.1242	0.242135	4.44951
16.8198	6.967	23.3645	0.286431	4.44951
17.1077	6.2267	25.3303	0.327711	4.44951
17.363	5.47454	27.0315	0.36521	4.44951
17.5853	4.71197	28.4794	0.39839	4.44951
17.7741	3.94042	29.6845	0.426882	4.44951
17.9291	3.16138	30.6567	0.450436	4.44951
18.0499	2.37631	31.4041	0.468887	4.44951
18.1364	1.58673	31.9332	0.482128	4.44951
18.1883	0.794119	32.2488	0.490095	4.44951
18.2056	1.11477e-15	32.3537	0.492754	4.44951

0	19.9605	0	0.492754	4.44951
0.870665	19.9415	0	0.492754	4.44951
1.73967	19.8846	0	0.492754	4.44951
2.60537	19.7897	0	0.492754	4.44951
3.46611	19.6573	0	0.492754	4.44951
4.32025	19.4874	0	0.492754	4.44951
5.16616	19.2804	0	0.492754	4.44951
6.00224	19.0367	0	0.492754	4.44951
6.8269	18.7567	0	0.492754	4.44951
7.63856	18.4411	0	0	4.44951
8.43568	18.0904	0	0	4.44951
9.21674	17.7052	0	0	4.44951
9.98026	17.2863	0	0	4.44951
10.7248	16.8345	0	0	4.44951
11.4489	16.3507	0	0	4.44951
12.1512	15.8357	0	0	4.44951
12.8304	15.2906	0	0	4.44951
13.4851	14.7164	0	0	4.44951
14.1142	14.1142	0.0146811	1.32036e-06	4.44951
14.7164	13.4851	2.08436	0.00510166	4.44951
15.2906	12.8304	5.08218	0.0225342	4.44951
15.8357	12.1512	8.23738	0.0503972	4.44951
16.3507	11.4489	11.2995	0.0853476	4.44951
16.8345	10.7248	14.1629	0.12436	4.44951
17.2863	9.98026	16.7839	0.165036	4.44951
17.7052	9.21674	19.1487	0.205584	4.44951
18.0904	8.43568	21.2581	0.2447	4.44951
18.4411	7.63856	23.1205	0.281462	4.44951
18.7567	6.8269	24.7469	0.315229	4.44951
19.0367	6.00224	26.1495	0.345565	4.44951
19.2804	5.16616	27.3398	0.372177	4.44951
19.4874	4.32025	28.3285	0.394878	4.44951
19.6573	3.46611	29.1247	0.413549	4.44951
19.7897	2.60537	29.7361	0.428118	4.44951
19.8846	1.73967	30.1685	0.438546	4.44951
19.9415	0.870665	30.4263	0.444809	4.44951
19.9605	1.22223e-15	30.512	0.446898	4.44951

0	21.8845	0	0.446898	4.44951
0.95459	21.8637	0	0.446898	4.44951
1.90736	21.8013	0	0.446898	4.44951
2.85651	21.6973	0	0.446898	4.44951
3.80021	21.5521	0	0.446898	4.44951
4.73668	21.3658	0	0.446898	4.44951
5.66413	21.1388	0	0.446898	4.44951
6.58081	20.8717	0	0.446898	4.44951
7.48495	20.5647	0	0.446898	4.44951
8.37485	20.2187	0	0	4.44951
9.2488	19.8341	0	0	4.44951
10.1052	19.4118	0	0	4.44951
10.9423	18.9526	0	0	4.44951
11.7586	18.4572	0	0	4.44951
12.5525	17.9268	0	0	4.44951
13.3225	17.3622	0	0	4.44951
14.0671	16.7645	0	0	4.44951
14.785	16.135	0	0	4.44951
15.4747	15.4747	1.36544	0.00252083	4.44951
16.135	14.785	4.03604	0.0153468	4.44951
16.7645	14.0671	6.92873	0.037773	4.44951
17.3622	13.3225	9.76026	0.0668642	4.44951
17.9268	12.5525	12.4169	0.0998733	4.44951
18.4572	11.7586	14.8534	0.134627	4.44951
18.9526	10.9423	17.0558	0.169517	4.44951
19.4118	10.1052	19.0259	0.203391	4.44951
19.8341	9.2488	20.7723	0.23545	4.44951
20.2187	8.37485	22.307	0.26515	4.44951
20.5647	7.48495	23.6424	0.292131	4.44951
20.8717	6.58081	24.7909	0.316163	4.44951
21.1388	5.66413	25.7634	0.337104	4.44951
21.3658	4.73668	26.5699	0.354873	4.44951
21.5521	3.80021	27.2185	0.369429	4.44951
21.6973	2.85651	27.7161	0.380753	4.44951
21.8013	1.90736	28.0678	0.38884	4.44951
21.8637	0.95459	28.2773	0.39369	4.44951
21.8845	1.34004e-15	28.3469	0.395307	4.44951

0	23.994	0	0.395307	4.44951
1.0466	23.9712	0	0.395307	4.44951
2.09122	23.9027	0	0.395307	4.44951
3.13185	23.7887	0	0.395307	4.44951
4.16652	23.6295	0	0.395307	4.44951
5.19326	23.4253	0	0.395307	4.44951
6.21011	23.1764	0	0.395307	4.44951
7.21514	22.8835	0	0.395307	4.44951
8.20644	22.547	0	0	4.44951
9.18211	22.1676	0	0	4.44951
10.1403	21.746	0	0	4.44951
11.0792	21.283	0	0	4.44951
11.997	20.7794	0	0	4.44951
12.892	20.2364	0	0	4.44951
13.7624	19.6547	0	0	4.44951
14.6066	19.0357	0	0	4.44951
15.4231	18.3805	0	0	4.44951
16.2101	17.6902	0.681207	0.000791086	4.44951
16.9663	16.9663	2.97346	0.00922276	4.44951
17.6902	16.2101	5.59276	0.0264323	4.44951
18.3805	15.4231	8.19348	0.0499504	4.44951
19.0357	14.6066	10.6462	0.0772826	4.44951
19.6547	13.7624	12.9006	0.106441	4.44951
20.2364	12.892	14.9415	0.135961	4.44951
20.7794	11.997	16.7702	0.164813	4.44951
21.283	11.0792	18.3957	0.192288	4.44951
21.746	10.1403	19.8299	0.217917	4.44951
22.1676	9.18211	21.0857	0.2414	4.44951
22.547	8.20644	22.1754	0.262549	4.44951
22.8835	7.21514	23.1105	0.281258	4.44951
23.1764	6.21011	23.9009	0.297475	4.44951
23.4253	5.19326	24.5555	0.311177	4.44951
23.6295	4.16652	25.0815	0.322364	4.44951
23.7887	3.13185	25.4846	0.331046	4.44951
23.9027	2.09122	25.7694	0.337234	4.44951
23.9712	1.0466	25.939	0.340942	4.44951
23.994	1.46921e-15	25.9953	0.342177	4.44951

0	26.3068	0	0.342177	4.44951
1.14749	26.2818	0	0.342177	4.44951
2.29279	26.2067	0	0.342177	4.44951
3.43373	26.0818	0	0.342177	4.44951
4.56813	25.9072	0	0.342177	4.44951
5.69384	25.6833	0	0.342177	4.44951
6.80871	25.4105	0	0.342177	4.44951
7.91062	25.0893	0	0	4.44951
8.99747	24.7203	0	0	4.44951
10.0672	24.3044	0	0	4.44951
11.1178	23.8421	0	0	4.44951
12.1471	23.3345	0	0	4.44951
13.1534	22.7824	0	0	4.44951
14.1347	22.187	0	0	4.44951
15.089	21.5493	0	0	4.44951
16.0146	20.8706	0	0	4.44951
16.9097	20.1522	0.141318	5.75111e-05	4.44951
17.7726	19.3954	1.95837	0.00459813	4.44951
18.6017	18.6017	4.28854	0.0169801	4.44951
19.3954	17.7726	6.65895	0.0353536	4.44951
20.1522	16.9097	8.91286	0.0574716	4.44951
20.8706	16.0146	10.9911	0.0814999	4.44951
21.5493	15.089	12.8751	0.10609	4.44951
22.187	14.1347	14.5652	0.130302	4.44951
22.7824	13.1534	16.0697	0.153498	4.44951
23.3345	12.1471	17.4006	0.175266	4.44951
23.8421	11.1178	18.5706	0.195344	4.44951
24.3044	10.0672	19.5921	0.21358	4.44951
24.7203	8.99747	20.4767	0.229891	4.44951
25.0893	7.91062	21.2343	0.244242	4.44951
25.4105	6.80871	21.8739	0.256627	4.44951
25.6833	5.69384	22.403	0.267055	4.44951
25.9072	4.56813	22.8277	0.275546	4.44951
26.0818	3.43373	23.153	0.282122	4.44951
26.2067	2.29279	23.3827	0.286802	4.44951
26.2818	1.14749	23.5195	0.289604	4.44951
26.3068	1.61083e-15	23.5649	0.290536	4.44951

0	28.8426	0	0.290536	4.44951
1.2581	28.8151	0	0.290536	4.44951
2.5138	28.7328	0	0.290536	4.44951
3.76471	28.5958	0	0.290536	4.44951
5.00846	28.4044	0	0.290536	4.44951
6.24268	28.1589	0	0.290536	4.44951
7.46501	27.8598	0	0.290536	4.44951
8.67314	27.5077	0	0	4.44951
9.86475	27.1032	0	0	4.44951
11.0376	26.6471	0	0	4.44951
12.1894	26.1403	0	0	4.44951
13.318	25.5837	0	0	4.44951
14.4213	24.9784	0	0	4.44951
15.4971	24.3256	0	0	4.44951
16.5434	23.6265	0	0	4.44951
17.5583	22.8824	0	0	4.44951
18.5397	22.0947	1.05211	0.00163253	4.44951
19.4858	21.265	3.06311	0.00969086	4.44951
20.3948	20.3948	5.201	0.0234191	4.44951
21.265	19.4858	7.2616	0.0408456	4.44951
22.0947	18.5397	9.17093	0.0602717	4.44951
22.8824	17.5583	10.9051	0.0804398	4.44951
23.6265	16.5434	12.4619	0.100476	4.44951
24.3256	15.4971	13.8489	0.119798	4.44951
24.9784	14.4213	15.0775	0.138031	4.44951
25.5837	13.318	16.1603	0.154944	4.44951
26.1403	12.1894	17.1095	0.170407	4.44951
26.6471	11.0376	17.9363	0.184352	4.44951
27.1032	9.86475	18.651	0.196755	4.44951
27.5077	8.67314	19.2622	0.207619	4.44951
27.8598	7.46501	19.7776	0.216961	4.44951
28.1589	6.24268	20.2036	0.224804	4.44951
28.4044	5.00846	20.5453	0.231177	4.44951
28.5958	3.76471	20.8068	0.236103	4.44951
28.7328	2.5138	20.9915	0.239605	4.44951
28.8151	1.2581	21.1014	0.2417	4.44951
28.8426	1.7661e-15	21.1379	0.242397	4.44951

0	31.6228	0	0.242397	4.44951
1.37937	31.5927	0	0.242397	4.44951
2.75611	31.5024	0	0.242397	4.44951
4.1276	31.3522	0	0.242397	4.44951
5.49124	31.1424	0	0.242397	4.44951
6.84442	30.8732	0	0.242397	4.44951
8.18458	30.5453	0	0	4.44951
9.50915	30.1592	0	0	4.44951
10.8156	29.7157	0	0	4.44951
12.1015	29.2156	0	0	4.44951
13.3644	28.66	0	0	4.44951
14.6018	28.0497	0	0	4.44951
15.8114	27.3861	0	0	4.44951
16.9909	26.6704	0	0	4.44951
18.1381	25.9039	0	0	4.44951
19.2507	25.088	0.331242	0.000237867	4.44951
20.3267	24.2245	1.9569	0.00459239	4.44951
21.364	23.3148	3.85267	0.0142024	4.44951
22.3607	22.3607	5.72358	0.0274708	4.44951
23.3148	21.364	7.47143	0.0428316	4.44951
24.2245	20.3267	9.06351	0.0590997	4.44951
25.088	19.2507	10.4941	0.0754514	4.44951
25.9039	18.1381	11.7691	0.0913407	4.44951
26.6704	16.9909	12.8992	0.106421	4.44951
27.3861	15.8114	13.8963	0.120482	4.44951
28.0497	14.6018	14.7724	0.133406	4.44951
28.66	13.3644	15.5386	0.145137	4.44951
29.2156	12.1015	16.2048	0.155656	4.44951
29.7157	10.8156	16.7798	0.164969	4.44951
30.1592	9.50915	17.271	0.173096	4.44951
30.5453	8.18458	17.6848	0.180063	4.44951
30.8732	6.84442	18.0265	0.185899	4.44951
31.1424	5.49124	18.3004	0.190631	4.44951
31.3522	4.1276	18.5101	0.194284	4.44951
31.5024	2.75611	18.658	0.196879	4.44951
31.5927	1.37937	18.746	0.198429	4.44951
31.6228	1.93634e-15	18.7752	0.198945	4.44951

0	34.6709	0	0.198945	4.44951
1.51233	34.6379	0	0.198945	4.44951
3.02177	34.539	0	0.198945	4.44951
4.52547	34.3743	0	0.198945	4.44951
6.02055	34.1442	0	0.198945	4.44951
7.50417	33.8491	0	0	4.44951
8.9735	33.4896	0	0	4.44951
10.4258	33.0663	0	0	4.44951
11.8582	32.58	0	0	4.44951
13.268	32.0318	0	0	4.44951
14.6526	31.4225	0	0	4.44951
16.0093	30.7535	0	0	4.44951
17.3355	30.0259	0	0	4.44951
18.6287	29.2412	0	0	4.44951
19.8864	28.4008	0	0	4.44951
21.1063	27.5063	1.01184	0.00152972	4.44951
22.2861	26.5595	2.63998	0.00756411	4.44951
23.4234	25.5621	4.3202	0.0171896	4.44951
24.5161	24.5161	5.91255	0.028999	4.44951
25.5621	23.4234	7.37034	0.04187	4.44951
26.5595	22.2861	8.68228	0.055015	4.44951
27.5063	21.1063	9.85184	0.0679131	4.44951
28.4008	19.8864	10.8884	0.0802351	4.44951
29.2412	18.6287	11.8033	0.0917839	4.44951
30.0259	17.3355	12.6082	0.10245	4.44951
30.7535	16.0093	13.3136	0.112181	4.44951
31.4225	14.6526	13.9294	0.120961	4.44951
32.0318	13.268	14.464	0.128797	4.44951
32.58	11.8582	14.9248	0.135708	4.44951
33.0663	10.4258	15.3181	0.14172	4.44951
33.4896	8.9735	15.6491	0.146862	4.44951
33.8491	7.50417	15.9223	0.151159	4.44951
34.1442	6.02055	16.1412	0.154639	4.44951
34.3743	4.52547	16.3086	0.157321	4.44951
34.539	3.02177	16.4267	0.159225	4.44951
34.6379	1.51233	16.497	0.160362	4.44951
34.6709	2.12298e-15	16.5204	0.16074	4.44951

0	38.0129	0	0.16074	4.44951
1.6581	37.9767	0	0.16074	4.44951
3.31305	37.8683	0	0.16074	4.44951
4.96168	37.6877	0	0.16074	4.44951
6.60088	37.4354	0	0.16074	4.44951
8.2275	37.1119	0	0	4.44951
9.83847	36.7177	0	0	4.44951
11.4307	36.2536	0	0	4.44951
13.0012	35.7205	0	0	4.44951
14.5469	35.1194	0	0	4.44951
16.065	34.4514	0	0	4.44951
17.5524	33.7179	0	0	4.44951
19.0065	32.9202	0	0	4.44951
20.4243	32.0598	0	0	4.44951
21.8033	31.1384	0.290457	0.000191086	4.44951
23.1408	30.1577	1.5873	0.00323984	4.44951
24.4342	29.1196	3.06671	0.00970985	4.44951
25.6812	28.0261	4.50631	0.0184413	4.44951
26.8792	26.8792	5.83639	0.0283791	4.44951
28.0261	25.6812	7.03704	0.0387621	4.44951
29.1196	24.4342	8.10801	0.0490849	4.44951
30.1577	23.1408	9.05696	0.0590285	4.44951
31.1384	21.8033	9.89433	0.068402	4.44951
32.0598	20.4243	10.6311	0.0770995	4.44951
32.9202	19.0065	11.2775	0.0850701	4.44951
33.7179	17.5524	11.843	0.0922978	4.44951
34.4514	16.065	12.3358	0.0987875	4.44951
35.1194	14.5469	12.7631	0.104557	4.45149
35.7205	13.0012	13.1342	0.109672	4.485
36.2536	11.4307	13.4552	0.114176	4.51451
36.7177	9.83847	13.7287	0.11807	4.54006
37.1119	8.2275	13.9567	0.121356	4.56166
37.4354	6.60088	14.1409	0.124038	4.57931
37.6877	4.96168	14.2828	0.126119	4.59303
37.8683	3.31305	14.3834	0.127603	4.60282
37.9767	1.6581	14.4435	0.128493	4.60869
38.0129	2.32762e-15	14.4635	0.128789	4.61065

0	41.6771	0	0.128789	4.61065
1.81793	41.6374	0	0.128789	4.61065
3.63239	41.5185	0	0.128789	4.61065
5.43995	41.3205	0	0.128789	4.61065
7.23714	41.0439	0	0.128789	4.61065
9.02057	40.6891	0	0	4.44951
10.7868	40.2569	0	0	4.44951
12.5325	39.7481	0	0	4.44951
14.2544	39.1636	0	0	4.44951
15.9491	38.5046	0	0	4.44951
17.6135	37.7722	0	0	4.44951
19.2443	36.968	0	0	4.44951
20.8385	36.0934	0	0	4.44951
22.3931	35.1501	0	0	4.44951
23.905	34.1398	0.726517	0.000880712	4.44951
25.3714	33.0646	1.9761	0.00466774	4.44951
26.7895	31.9265	3.25975	0.0107497	4.44951
28.1566	30.7275	4.46632	0.0181694	4.44951
29.4701	29.4701	5.56202	0.0261906	4.44951
30.7275	28.1566	6.54099	0.034316	4.44951
31.9265	26.7895	7.40835	0.0422306	4.44951
33.0646	25.3714	8.17325	0.0497449	4.44951
34.1398	23.905	8.84586	0.0567534	4.44951
35.1501	22.3931	9.43606	0.0632037	4.44951
36.0934	20.8385	9.95874	0.0691457	4.50081
36.968	19.2443	10.4259	0.0746362	4.54886
37.7722	17.6135	10.841	0.0796544	4.59263
38.5046	15.9491	11.2078	0.0841959	4.63213
39.1636	14.2544	11.5286	0.0882512	4.66741
39.7481	12.5325	11.8062	0.0918208	4.69849
40.2569	10.7868	12.0426	0.0949062	4.72539
40.6891	9.02057	12.2398	0.0975097	4.74811
41.0439	7.23714	12.3991	0.0996343	4.76669
41.3205	5.43995	12.5218	0.101283	4.78113
41.5185	3.63239	12.6088	0.102459	4.79144
41.6374	1.81793	12.6608	0.103163	4.79762
41.6771	2.55198e-15	12.678	0.103398	4.79968

0	45.6944	0	0.103398	4.79968
1.99316	45.6509	0	0.103398	4.79968
3.98253	45.5205	0	0.103398	4.79968
5.96431	45.3034	0	0.103398	4.79968
7.93474	45.0002	0	0	4.44951
9.89007	44.6112	0	0	4.44951
11.8266	44.1374	0	0	4.44951
13.7406	43.5795	0	0	4.44951
15.6284	42.9387	0	0	4.44951
17.4865	42.2161	0	0	4.44951
19.3113	41.4132	0	0	4.44951
21.0993	40.5314	0	0	4.44951
22.8472	39.5725	0	0	4.44951
24.5516	38.5382	0.12403	4.62701e-05	4.44951
26.2092	37.4306	1.06487	0.00166566	4.44951
27.817	36.2518	2.17798	0.00548926	4.44951
29.3718	35.0039	3.26103	0.0107568	4.44951
30.8707	33.6894	4.25626	0.0167677	4.44951
32.3108	32.3108	5.14895	0.0230298	4.44951
33.6894	30.8707	5.9404	0.029227	4.44951
35.0039	29.3718	6.63796	0.0351681	4.44951
36.2518	27.817	7.25704	0.0408029	4.50513
37.4306	26.2092	7.81651	0.0461791	4.56959
38.5382	24.5516	8.32062	0.0512489	4.62937
39.5725	22.8472	8.77315	0.0559779	4.68453
40.5314	21.0993	9.17756	0.0603444	4.73512
41.4132	19.3113	9.53704	0.064335	4.78119
42.2161	17.4865	9.85442	0.0679427	4.82277
42.9387	15.6284	10.1322	0.0711644	4.8599
43.5795	13.7406	10.3725	0.0739996	4.8926
44.1374	11.8266	10.5772	0.0764497	4.92089
44.6112	9.89007	10.7479	0.0785168	4.9448
45.0002	7.93474	10.8858	0.0802035	4.96434
45.3034	5.96431	10.9921	0.0815124	4.97953
45.5205	3.98253	11.0674	0.0824455	4.99037
45.6509	1.99316	11.1124	0.0830047	4.99687
45.6944	2.79797e-15	11.1273	0.083191	4.99904

0	50.0989	0	0.083191	4.99904
2.18528	50.0512	0	0.083191	4.99904
4.36641	49.9083	0	0.083191	4.99904
6.53922	49.6703	0	0.083191	4.99904
8.69959	49.3378	0	0	4.44951
10.8434	48.9114	0	0	4.44951
12.9666	48.3918	0	0	4.44951
15.065	47.7802	0	0	4.44951
17.1348	47.0776	0	0	4.44951
19.172	46.2854	0	0	4.44951
21.1727	45.405	0	0	4.44951
23.1331	44.4383	0	0	4.44951
25.0495	43.3869	0	0	4.44951
26.9181	42.253	0.365667	0.000280479	4.44951
28.7356	41.0386	1.2682	0.0022288	4.44951
30.4983	39.7461	2.22008	0.00566724	4.44951
32.203	38.378	3.11618	0.00997231	4.44951
33.8463	36.9368	3.92679	0.0146606	4.44951
35.4253	35.4253	4.64732	0.0194131	4.45546
36.9368	33.8463	5.29626	0.0241383	4.53864
38.378	32.203	5.8876	0.0287953	4.61663
39.7461	30.4983	6.42414	0.0333004	4.68951
41.0386	28.7356	6.90922	0.0375958	4.75738
42.253	26.9181	7.34625	0.0416423	4.8203
43.3869	25.0495	7.73854	0.045414	4.87836
44.4383	23.1331	8.08908	0.0488941	4.93159
45.405	21.1727	8.40069	0.0520734	4.98005
46.2854	19.172	8.67579	0.0549465	5.02379
47.0776	17.1348	8.91656	0.0575113	5.06283
47.7802	15.065	9.12486	0.059768	5.09722
48.3918	12.9666	9.30232	0.0617177	5.12697
48.9114	10.8434	9.45027	0.0633624	5.15211
49.3378	8.69959	9.56983	0.064704	5.17265
49.6703	6.53922	9.66195	0.0657455	5.18861
49.9083	4.36641	9.72725	0.0664877	5.20001
50.0512	2.18528	9.76624	0.0669325	5.20684
50.0989	3.06767e-15	9.77921	0.0670807	5.20912

0	54.928	0	0.0670807	5.20912
2.39593	54.8757	0	0.0670807	5.20912
4.78729	54.719	0	0.0670807	5.20912
7.16955	54.4581	0	0.0670807	5.20912
9.53815	54.0935	0	0	4.44951
11.8886	53.626	0	0	4.44951
14.2164	53.0564	0	0	4.44951
16.5172	52.3858	0	0	4.44951
18.7865	51.6155	0	0	4.44951
21.02	50.7469	0	0	4.44951
23.2136	49.7817	0	0	4.44951
25.3629	48.7218	0	0	4.44951
27.464	47.5691	0	0	4.44951
29.5128	46.3258	0.547382	0.000549425	4.44951
31.5054	44.9944	1.34471	0.00245739	4.44951
33.4381	43.5773	2.1375	0.00532029	4.44951
35.3071	42.0773	2.86775	0.00868279	4.44951
37.1088	40.4972	3.53466	0.0123028	4.54434
38.84	38.84	4.15053	0.0160792	4.63758
40.4972	37.1088	4.71453	0.0198833	4.72519
42.0773	35.3071	5.22821	0.0236236	4.80729
43.5773	33.4381	5.69411	0.0272354	4.884
44.9944	31.5054	6.11524	0.0306747	4.95541
46.3258	29.5128	6.4946	0.0339114	5.02161
47.5691	27.464	6.83508	0.0369259	5.08267
48.7218	25.3629	7.13934	0.0397058	5.13865
49.7817	23.2136	7.40977	0.0422441	5.1896
50.7469	21.02	7.64852	0.0445369	5.23558
51.6155	18.7865	7.85747	0.0465832	5.27663
52.3858	16.5172	8.03825	0.0483831	5.31277
53.0564	14.2164	8.19269	0.0499423	5.34403
53.626	11.8886	8.32066	0.0512493	5.37045
54.0935	9.53815	8.42444	0.052319	5.39204
54.4581	7.16955	8.50437	0.053149	5.40882
54.719	4.78729	8.56104	0.0537406	5.42079
54.8757	2.39593	8.59488	0.0540951	5.42797
54.928	3.36337e-15	8.60613	0.0542132	5.43036

0	60.2226	0	0.0542132	5.43036
2.62687	60.1653	0	0.0542132	5.43036
5.24875	59.9935	0	0.0542132	5.43036
7.86063	59.7074	0	0	4.44951
10.4575	59.3077	0	0	4.44951
13.0346	58.7951	0	0	4.44951
15.5868	58.1706	0	0	4.44951
18.1093	57.4353	0	0	4.44951
20.5974	56.5908	0	0	4.44951
23.0462	55.6384	0	0	4.44951
25.4512	54.5802	0	0	4.44951
27.8077	53.4181	0	0	4.44951
30.1113	52.1543	0.068377	1.71504e-05	4.44951
32.3576	50.7912	0.643156	0.000718817	4.44951
34.5423	49.3315	1.31764	0.00237548	4.44951
36.6612	47.7778	1.97083	0.00464699	4.5166
38.7104	46.1332	2.59324	0.00734226	4.62723
40.6858	44.4008	3.17487	0.0102873	4.73153
42.5838	42.5838	3.71129	0.0133444	4.82971
44.4008	40.6858	4.20212	0.0164137	4.92192
46.1332	38.7104	4.6489	0.0194242	5.0083
47.7778	36.6612	5.054	0.0223263	5.08899
49.3315	34.5423	5.42007	0.0250861	5.16409
50.7912	32.3576	5.74978	0.0276807	5.23369
52.1543	30.1113	6.04567	0.0300953	5.29788
53.4181	27.8077	6.31005	0.0323206	5.35672
54.5802	25.4512	6.54503	0.0343513	5.41027
55.6384	23.0462	6.75247	0.0361851	5.45859
56.5908	20.5974	6.93402	0.037821	5.50171
57.4353	18.1093	7.09109	0.0392596	5.53968
58.1706	15.5868	7.2249	0.0405021	5.57253
58.7951	13.0346	7.33646	0.0415498	5.60028
59.3077	10.4575	7.42662	0.0424043	5.62296
59.7074	7.86063	7.49607	0.0430673	5.64058
59.9935	5.24875	7.54531	0.0435398	5.65316
60.1653	2.62687	7.57471	0.0438229	5.6607
60.2226	3.68757e-15	7.58449	0.0439172	5.66321

0	66.0276	0	0.0439172	5.66321
2.88008	65.9647	0	0.0439172	5.66321
5.75468	65.7763	0	0.0439172	5.66321
8.61833	65.4627	0	0	4.44951
11.4656	65.0245	0	0	4.44951
14.291	64.4625	0	0	4.44951
17.0892	63.7777	0	0	4.44951
19.8549	62.9716	0	0	4.44951
22.5828	62.0456	0	0	4.44951
25.2677	61.0015	0	0	4.44951
27.9045	59.8413	0	0	4.44951
30.4881	58.5672	0	0	4.44951
33.0138	57.1816	0.14589	6.06458e-05	4.44951
35.4766	55.6871	0.659667	0.000749835	4.44951
37.8719	54.0866	1.23124	0.00212161	4.5792
40.195	52.3832	1.80254	0.00400468	4.70265
42.4417	50.5801	2.3473	0.00621876	4.81914
44.6076	48.6806	2.85522	0.00861966	4.92893
46.6885	46.6885	3.32304	0.0110998	5.03223
48.6806	44.6076	3.75074	0.0135817	5.12922
50.5801	42.4417	4.13984	0.0160102	5.22006
52.3832	40.195	4.4925	0.0183473	5.3049
54.0866	37.8719	4.8111	0.0205667	5.38384
55.6871	35.4766	5.098	0.0226512	5.45698
57.1816	33.0138	5.35543	0.0245894	5.52443
58.5672	30.4881	5.58543	0.0263746	5.58625
59.8413	27.9045	5.78984	0.0280028	5.64251
61.0015	25.2677	5.97028	0.0294725	5.69326
62.0456	22.5828	6.1282	0.0307831	5.73855
62.9716	19.8549	6.26482	0.0319354	5.77843
63.7777	17.0892	6.3812	0.0329302	5.81293
64.4625	14.291	6.47823	0.0337691	5.84207
65.0245	11.4656	6.55666	0.0344532	5.86588
65.4627	8.61833	6.61706	0.0349837	5.88439
65.7763	5.75468	6.65989	0.0353619	5.89759
65.9647	2.88008	6.68546	0.0355886	5.90551
66.0276	4.04302e-15	6.69396	0.035664	5.90815

0	72.3921	0	0.035664	5.90815
3.1577	72.3232	0	0.035664	5.90815
6.30938	72.1166	0	0.035664	5.90815
9.44906	71.7727	0	0	4.44951
12.5708	71.2923	0	0	4.44951
15.6685	70.6761	0	0	4.44951
18.7364	69.9254	0	0	4.44951
21.7687	69.0415	0	0	4.44951
24.7595	68.0263	0	0	4.44951
27.7032	66.8816	0	0	4.44951
30.5942	65.6095	0	0	4.44951
33.4269	64.2126	0	0	4.44951
36.196	62.6934	0.183861	8.91747e-05	4.48541
38.8962	61.0549	0.640312	0.000713527	4.63118
41.5224	59.3001	1.14733	0.00188614	4.76886
44.0695	57.4325	1.64991	0.00345562	4.89883
46.5327	55.4555	2.12727	0.0052779	5.02143
48.9074	53.373	2.57139	0.00723942	5.13692
51.1889	51.1889	2.9799	0.00925608	5.24555
53.373	48.9074	3.35306	0.0112675	5.34752
55.4555	46.5327	3.69234	0.013231	5.443
57.4325	44.0695	3.99972	0.0151173	5.53215
59.3001	41.5224	4.27733	0.0169062	5.61509
61.0549	38.8962	4.52727	0.0185846	5.69194
62.6934	36.196	4.7566	0.0201799	5.76278
64.2126	33.4269	4.95182	0.0215791	5.82771
65.6095	30.5942	5.12983	0.0228874	5.88678
66.8816	27.7032	5.28697	0.0240678	5.94008
68.0263	24.7595	5.42447	0.0251201	5.98763
69.0415	21.7687	5.54343	0.0260449	6.0295
69.9254	18.7364	5.64477	0.0268432	6.06572
70.6761	15.6685	5.72925	0.0275162	6.09631
71.2923	12.5708	5.79754	0.0280649	6.12131
71.7727	9.44906	5.85012	0.0284905	6.14073
72.1166	6.30938	5.88741	0.0287938	6.1546
72.3232	3.1577	5.90968	0.0289755	6.16291
72.3921	4.43274e-15	5.91708	0.029036	6.16568

0	79.3701	0	0.029036	6.16568
3.46207	79.2945	0	0.029036	6.16568
6.91756	79.068	0	0.029036	6.16568
10.3599	78.691	0	0	4.44951
13.7825	78.1642	0	0	4.44951
17.1788	77.4887	0	0	4.44951
20.5425	76.6656	0	0	4.44951
23.867	75.6966	0	0	4.44951
27.1462	74.5835	0	0	4.44951
30.3736	73.3284	0	0	4.44951
33.5432	71.9337	0	0	4.44951
36.649	70.4021	0	0	4.50769
39.685	68.7365	0.204905	0.000106826	4.67033
42.6455	66.94	0.619261	0.00067486	4.82387
45.5248	65.0161	1.06923	0.00167705	4.9688
48.3174	62.9685	1.51183	0.00298719	5.10555
51.0181	60.801	1.93064	0.00449015	5.23449
53.6216	58.5177	2.31946	0.00609635	5.35592
56.1231	56.1231	2.67663	0.00773994	5.4701
58.5177	53.6216	3.0026	0.00937392	5.57726
60.801	51.0181	3.2988	0.0109653	5.67758
62.9685	48.3174	3.56704	0.0124912	5.77122
65.0161	45.5248	3.80922	0.0139364	5.85834
66.94	42.6455	4.02721	0.0152909	5.93903
68.7365	39.685	4.22274	0.0165481	6.01342
70.4021	36.649	4.3974	0.0177045	6.08159
71.9337	33.5432	4.55259	0.0187581	6.14361
73.3284	30.3736	4.68957	0.0197082	6.19955
74.5835	27.1462	4.80943	0.0205548	6.24947
75.6966	23.867	4.91312	0.0212987	6.29342
76.6656	20.5425	5.00145	0.0219407	6.33143
77.4887	17.1788	5.07508	0.0224817	6.36354
78.1642	13.7825	5.1346	0.0229228	6.38977
78.691	10.3599	5.18043	0.0232649	6.41016
79.068	6.91756	5.21293	0.0235087	6.42471
79.2945	3.46207	5.23233	0.0236547	6.43343
79.3701	4.86001e-15	5.23879	0.0237033	6.43634

0	87.0207	0	0.0237033	6.43634
3.79579	86.9378	0	0.0237033	6.43634
7.58435	86.6895	0	0	4.44951
11.3585	86.2762	0	0	4.44951
15.111	85.6986	0	0	4.44951
18.8347	84.9579	0	0	4.44951
22.5226	84.0555	0	0	4.44951
26.1676	82.9931	0	0	4.44951
29.7628	81.7727	0	0	4.44951
33.3014	80.3966	0	0	4.44951
36.7765	78.8675	0	0	4.51236
40.1817	77.1883	0	0	4.69404
43.5103	75.3621	0.222071	0.000122155	4.86534
46.7562	73.3925	0.597382	0.000635592	5.02694
49.913	71.2831	0.996973	0.00149244	5.17941
52.9748	69.0381	1.38718	0.00258808	5.32322
55.9358	66.6617	1.75507	0.00383045	5.45876
58.7903	64.1584	2.0959	0.00514885	5.58638
61.5329	61.5329	2.40857	0.00649168	5.70634
64.1584	58.7903	2.69368	0.00782228	5.81891
66.6617	55.9358	2.95257	0.00911503	5.92427
69.0381	52.9748	3.18692	0.0103524	6.02261
71.2831	49.913	3.39843	0.0115227	6.11407
73.3925	46.7562	3.58877	0.0126183	6.19879
75.3621	43.5103	3.75946	0.0136343	6.27687
77.1883	40.1817	3.91191	0.0145682	6.34842
78.8675	36.7765	4.04735	0.0154185	6.41352
80.3966	33.3014	4.16689	0.0161849	6.47223
81.7727	29.7628	4.27148	0.0168677	6.52461
82.9931	26.1676	4.36196	0.0174673	6.57073
84.0555	22.5226	4.43891	0.017984	6.61061
84.9579	18.8347	4.50325	0.0184205	6.6443
85.6986	15.111	4.55519	0.0187759	6.67183
86.2762	11.3585	4.59518	0.0190515	6.69322
86.6895	7.58435	4.62353	0.0192478	6.70848
86.9378	3.79579	4.64045	0.0193653	6.71763
87.0207	5.32848e-15	4.64609	0.0194045	6.72068

0	95.4087	0	0.0194045	6.72068
4.16167	95.3179	0	0.0194045	6.72068
8.31542	95.0456	0	0	4.44951
12.4533	94.5925	0	0	4.44951
16.5675	93.9592	0	0	4.44951
20.6502	93.1471	0	0	4.44951
24.6936	92.1577	0	0	4.44951
28.69	90.9929	0	0	4.44951
32.6317	89.6549	0	0	4.44951
36.5113	88.1461	0	0	4.49586
40.3215	86.4697	0	0	4.69918
44.0548	84.6286	0.000912392	1.28744e-08	4.89052
47.7044	82.6264	0.235883	0.000135079	5.07081
51.2631	80.4669	0.575301	0.000596921	5.2408
54.7242	78.1542	0.930427	0.00133013	5.40112
58.0811	75.6928	1.27483	0.00224825	5.55227
61.3275	73.0873	1.5984	0.00327768	5.6947
64.4572	70.3427	1.89753	0.00436255	5.82876
67.4641	67.4641	2.17149	0.00546203	5.95476
70.3427	64.4572	2.42124	0.00654868	6.07296
73.0873	61.3275	2.6478	0.0076015	6.18359
75.6928	58.0811	2.85278	0.00860738	6.28682
78.1542	54.7242	3.03772	0.00955733	6.38282
80.4669	51.2631	3.20409	0.0104456	6.47174
82.6264	47.7044	3.35327	0.0112686	6.55369
84.6286	44.0548	3.48647	0.0120245	6.62877
86.4697	40.3215	3.6048	0.0127124	6.69707
88.1461	36.5113	3.70923	0.0133321	6.75867
89.6549	32.6317	3.80059	0.0138838	6.81363
90.9929	28.69	3.87961	0.0143683	6.86201
92.1577	24.6936	3.94692	0.0147861	6.90385
93.1471	20.6502	4.00303	0.0151381	6.93919
93.9592	16.5675	4.04837	0.015425	6.96807
94.5925	12.4533	4.08329	0.0156474	6.99051
95.0456	8.31542	4.10805	0.0158059	7.00652
95.3179	4.16167	4.12283	0.0159007	7.01612
95.4087	5.8421e-15	4.12777	0.0159325	7.01932

0	104.605	0	0.0159325	7.01932
4.56282	104.506	0	0.0159325	7.01932
9.11695	104.207	0	0	4.44951
13.6537	103.71	0	0	4.44951
18.1645	103.016	0	0	4.44951
22.6407	102.126	0	0	4.44951
27.0738	101.041	0	0	4.44951
31.4554	99.7638	0	0	4.44951
35.7771	98.2968	0	0	4.45382
40.0307	96.6427	0	0	4.68199
44.2081	94.8046	0	0	4.89614
48.3013	92.786	0.0134569	1.142e-06	5.09752
52.3026	90.5908	0.246855	0.000145712	5.28716
56.2044	88.2232	0.553542	0.000559769	5.46589
59.9991	85.6876	0.869375	0.00118787	5.63438
63.6797	82.989	1.17371	0.00195895	5.79319
67.239	80.1323	1.45864	0.00281408	5.94279
70.6703	77.1231	1.72151	0.00370913	6.08358
73.9671	73.9671	1.962	0.00461235	6.21587
77.1231	70.6703	2.18088	0.00550145	6.33996
80.1323	67.239	2.37937	0.00636105	6.45607
82.989	63.6797	2.55887	0.00718077	6.56441
85.6876	59.9991	2.72076	0.00795378	6.66516
88.2232	56.2044	2.86635	0.00867573	6.75845
90.5908	52.3026	2.99686	0.00934405	6.84443
92.786	48.3013	3.11337	0.00995734	6.9232
94.8046	44.2081	3.21687	0.0105151	6.99485
96.6427	40.0307	3.30818	0.0110173	7.05947
98.2968	35.7771	3.38807	0.0114642	7.11713
99.7638	31.4554	3.45716	0.0118565	7.16787
101.041	27.0738	3.516	0.0121948	7.21176
102.126	22.6407	3.56506	0.0124796	7.24883
103.016	18.1645	3.60469	0.0127117	7.27911
103.71	13.6537	3.63522	0.0128917	7.30264
104.207	9.11695	3.65687	0.0130199	7.31944
104.506	4.56282	3.66979	0.0130966	7.3295
104.605	6.40523e-15	3.67408	0.0131222	7.33286

0	114.688	0	0.0131222	7.33286
5.00264	114.579	0	0.0131222	7.33286
9.99575	114.252	0	0	4.44951
14.9698	113.707	0	0	4.44951
19.9154	112.946	0	0	4.44951
24.8231	111.97	0	0	4.44951
29.6835	110.78	0	0	4.44951
34.4875	109.38	0	0	4.44951
39.2257	107.772	0	0	4.63785
43.8893	105.958	0	0	4.87822
48.4694	103.943	0	0	5.10363
52.9572	101.73	0.0304418	4.45185e-06	5.31546
57.3442	99.323	0.255454	0.000154269	5.51484
61.622	96.7272	0.532389	0.000524574	5.70266
65.7825	93.9472	0.813535	0.00106345	5.87967
69.8178	90.9884	1.08277	0.00171258	6.04647
73.7203	87.8564	1.33399	0.00242482	6.20355
77.4823	84.5571	1.56528	0.00316526	6.35135
81.0969	81.0969	1.77457	0.00390162	6.49021
84.5571	77.4823	1.96871	0.00463867	6.62044
87.8564	73.7203	2.14282	0.00534237	6.74228
90.9884	69.8178	2.30018	0.00601211	6.85596
93.9472	65.7825	2.44205	0.00664274	6.96166
96.7272	61.622	2.56959	0.007231	7.05953
99.323	57.3442	2.6839	0.007775	7.14972
101.73	52.9572	2.78592	0.00827382	7.23235
103.943	48.4694	2.87653	0.00872714	7.3075
105.958	43.8893	2.95648	0.00913517	7.37527
107.772	39.2257	3.02639	0.009498	7.43574
109.38	34.4875	3.08686	0.00981639	7.48895
110.78	29.6835	3.13835	0.0100908	7.53498
111.97	24.8231	3.18128	0.0103219	7.57385
112.946	19.9154	3.21597	0.0105102	7.60561
113.707	14.9698	3.24268	0.0106561	7.63029
114.252	9.99575	3.26162	0.01076	7.64789
114.579	5.00264	3.27292	0.0108222	7.65845
114.688	7.02264e-15	3.27668	0.010843	7.66197

0	125.743	0	0.010843	7.66197
5.48485	125.624	0	0.010843	7.66197
10.9593	125.265	0	0	4.44951
16.4128	124.668	0	0	4.44951
21.8351	123.833	0	0	4.44951
27.2158	122.763	0	0	4.44951
32.5448	121.459	0	0	4.44951
37.8118	119.924	0	0	4.561
43.0068	118.16	0	0	4.83192
48.1199	116.172	0	0	5.08496
53.1414	113.962	0	0	5.32207
58.0618	111.536	0.048552	9.69252e-06	5.54477
62.8717	108.897	0.262096	0.000161012	5.7543
67.5618	106.051	0.512084	0.000491655	5.95161
72.1234	103.003	0.762584	0.000954783	6.1375
76.5477	99.7589	1.00105	0.00150263	6.31262
80.8263	96.325	1.22283	0.00209749	6.47752
84.951	92.7077	1.42658	0.00271175	6.63264
88.914	88.914	1.61246	0.00332589	6.77836
92.7077	84.951	1.78131	0.00392637	6.915
96.325	80.8263	1.93421	0.004504	7.04283
99.7589	76.5477	2.07233	0.00505268	7.16208
103.003	72.1234	2.19679	0.0055685	7.27295
106.051	67.5618	2.30865	0.00604908	7.37561
108.897	62.8717	2.40886	0.006493	7.4702
111.536	58.0618	2.4983	0.00689973	7.55685
113.962	53.1414	2.57771	0.0072691	7.63566
116.172	48.1199	2.64776	0.0076013	7.70673
118.16	43.0068	2.70902	0.00789669	7.77013
119.924	37.8118	2.762	0.00815574	7.82593
121.459	32.5448	2.80711	0.00837896	7.87419
122.763	27.2158	2.84473	0.00856693	7.91495
123.833	21.8351	2.8751	0.0087199	7.94825
124.668	16.4128	2.89849	0.00883849	7.97412
125.265	10.9593	2.91508	0.00892295	7.99258
125.624	5.48485	2.92498	0.00897353	8.00365
125.743	7.69956e-15	2.92827	0.00899037	8.00734

0	137.864	0	0.00899037	8.00734
6.01354	137.733	0	0.00899037	8.00734
12.0156	137.339	0	0	4.44951
17.9949	136.684	0	0	4.44951
23.9398	135.769	0	0	4.44951
29.8392	134.596	0	0	4.44951
35.6818	133.166	0	0	4.44951
41.4565	131.483	0	0	4.75111
47.1522	129.55	0	0	5.03638
52.7582	127.37	0	0	5.3026
58.2638	124.947	0	0	5.5519
63.6585	122.287	0.0664936	1.63704e-05	5.78594
68.932	119.394	0.267138	0.000166207	6.00603
74.0742	116.273	0.49278	0.000461154	6.21323
79.0755	112.932	0.716187	0.000859941	6.40839
83.9262	109.375	0.927653	0.00132353	6.59221
88.6172	105.61	1.12368	0.00182178	6.76526
93.1395	101.644	1.3034	0.00233285	6.92803
97.4845	97.4845	1.46712	0.00284142	7.08091
101.644	93.1395	1.61569	0.00333699	7.22425
105.61	88.6172	1.75012	0.00381246	7.35833
109.375	83.9262	1.87148	0.00426319	7.48341
112.932	79.0755	1.9808	0.00468624	7.59968
116.273	74.0742	2.07901	0.00507986	7.70734
119.394	68.932	2.16697	0.00544309	7.80653
122.287	63.6585	2.24545	0.0057756	7.89739
124.947	58.2638	2.31512	0.00607735	7.98003
127.37	52.7582	2.37657	0.00634856	8.05454
129.55	47.1522	2.4303	0.00658959	8.12101
131.483	41.4565	2.47676	0.00680088	8.17952
133.166	35.6818	2.51632	0.00698289	8.23011
134.596	29.8392	2.54929	0.00713605	8.27284
135.769	23.9398	2.57593	0.00726077	8.30775
136.684	17.9949	2.59649	0.00735761	8.33487
137.339	12.0156	2.61097	0.0074261	8.35423
137.733	6.01354	2.61967	0.0074674	8.36583
137.864	8.44173e-15	2.62234	0.0074801	8.3697

0	151.153	0	0.0074801	8.3697
6.59319	151.009	0	0.0074801	8.3697
13.1738	150.578	0	0	4.44951
19.7294	149.86	0	0	4.44951
26.2474	148.856	0	0	4.44951
32.7155	147.57	0	0	4.44951
39.1212	146.002	0	0	4.62791
45.4525	144.157	0	0	4.95146
51.6973	142.037	0	0	5.25167
57.8437	139.647	0	0	5.5316
63.88	136.991	0	0	5.79359
69.7946	134.074	0.0836516	2.40002e-05	6.03944
75.5764	130.902	0.27088	0.000170106	6.27057
81.2144	127.481	0.474565	0.000433097	6.48809
86.6977	123.817	0.674001	0.000777187	6.69292
92.016	119.918	0.86175	0.00117056	6.88582
97.1592	115.79	1.03523	0.00158911	7.06738
102.117	111.442	1.19391	0.00201549	7.23814
106.881	106.881	1.33833	0.00243799	7.3985
111.442	102.117	1.46921	0.00284817	7.54884
115.79	97.1592	1.58755	0.00324067	7.68946
119.918	92.016	1.69431	0.00361198	7.82062
123.817	86.6977	1.79043	0.00395992	7.94255
127.481	81.2144	1.87675	0.00428321	8.05543
130.902	75.5764	1.95404	0.00458123	8.15943
134.074	69.7946	2.02299	0.00485377	8.25468
136.991	63.88	2.08418	0.00510092	8.34132
139.647	57.8437	2.13813	0.00532291	8.41944
142.037	51.6973	2.18531	0.0055201	8.48912
144.157	45.4525	2.2261	0.00569289	8.55045
146.002	39.1212	2.26083	0.00584166	8.60349
147.57	32.7155	2.28977	0.00596683	8.64828
148.856	26.2474	2.31315	0.00606872	8.68487
149.86	19.7294	2.33115	0.00614764	8.7133
150.578	13.1738	2.34391	0.00620384	8.73359
151.009	6.59319	2.35153	0.00623749	8.74575
151.153	9.25544e-15	2.35407	0.00624869	8.74981

0	165.723	0	0.00624869	8.74981
7.22872	165.565	0	0.00624869	8.74981
14.4437	165.092	0	0	4.44951
21.6312	164.305	0	0	4.44951
28.7774	163.205	0	0	4.44951
35.869	161.794	0	0	4.45182
42.8922	160.076	0	0	4.82186
49.8338	158.053	0	0	5.16247
56.6805	155.728	0	0	5.4782
63.4193	153.108	0	0	5.77242
70.0374	150.196	0	0	6.04765
76.5222	146.998	0.0997336	3.21732e-05	6.30582
82.8614	143.52	0.273579	0.00017294	6.54845
89.0427	139.769	0.457471	0.000407408	6.77675
95.0546	135.752	0.63569	0.000704964	6.99168
100.886	131.477	0.802581	0.00103969	7.19406
106.524	126.951	0.9563	0.00139235	7.38452
111.961	122.184	1.09664	0.00174931	7.56361
117.184	117.184	1.22413	0.00210122	7.7318
122.184	111.961	1.33957	0.00244174	7.88945
126.951	106.524	1.44385	0.00276671	8.0369
131.477	100.886	1.53789	0.00307349	8.17443
135.752	95.0546	1.6225	0.00336046	8.30226
139.769	89.0427	1.69846	0.00362674	8.4206
143.52	82.8614	1.76645	0.00387192	8.52963
146.998	76.5222	1.82708	0.00409594	8.62949
150.196	70.0374	1.88088	0.00429891	8.7203
153.108	63.4193	1.92832	0.00448117	8.80219
155.728	56.6805	1.96978	0.00464287	8.87523
158.053	49.8338	2.00562	0.00478453	8.93952
160.076	42.8922	2.03614	0.00490647	8.99511
161.794	35.869	2.06156	0.00500902	9.04205
163.205	28.7774	2.08211	0.00509248	9.08041
164.305	21.6312	2.09792	0.00515712	9.1102
165.092	14.4437	2.10914	0.00520314	9.13147
165.565	7.22872	2.11583	0.00523069	9.14422
165.723	1.01476e-14	2.11805	0.00523986	9.14847

0	181.697	0	0.00523986	9.14847
7.92551	181.524	0	0	4.44951
15.8359	181.006	0	0	4.44951
23.7162	180.143	0	0	4.44951
31.5513	178.937	0	0	4.44951
39.3264	177.39	0	0	4.63641
47.0266	175.506	0	0	5.0262
54.6373	173.287	0	0	5.38455
62.144	170.739	0	0	5.71645
69.5324	167.866	0	0	6.02556
76.7885	164.673	0.000748493	9.25559e-09	6.31459
83.8983	161.167	0.114621	4.05695e-05	6.58561
90.8485	157.354	0.275444	0.00017491	6.84026
97.6257	153.242	0.441514	0.000384001	7.0798
104.217	148.837	0.600931	0.000641897	7.3053
110.61	144.15	0.749456	0.000927545	7.51757
116.793	139.188	0.885835	0.00122559	7.71733
122.753	133.961	1.01009	0.00152531	7.90514
128.479	128.479	1.12279	0.00181938	8.0815
133.961	122.753	1.22473	0.00210293	8.2468
139.188	116.793	1.31675	0.00237281	8.40139
144.15	110.61	1.39966	0.00262702	8.54557
148.837	104.217	1.47424	0.00286443	8.67958
153.242	97.6257	1.54115	0.00308436	8.80363
157.354	90.8485	1.60102	0.00328666	8.91792
161.167	83.8983	1.6544	0.0034713	9.02259
164.673	76.7885	1.70175	0.00363846	9.11778
167.866	69.5324	1.74349	0.00378843	9.2036
170.739	62.144	1.77998	0.00392148	9.28016
173.287	54.6373	1.81151	0.00403795	9.34753
175.506	47.0266	1.83836	0.00413816	9.40579
177.39	39.3264	1.86072	0.00422241	9.455
178.937	31.5513	1.87879	0.00429097	9.49519
180.143	23.7162	1.8927	0.00434404	9.52642
181.006	15.8359	1.90256	0.00438182	9.5487
181.524	7.92551	1.90845	0.00440444	9.56206
181.697	1.11257e-14	1.9104	0.00441197	9.56652

0	199.211	0	0.00441197	9.56652
8.68946	199.021	0	0	4.44951
17.3624	198.453	0	0	4.44951
26.0023	197.507	0	0	4.44951
34.5926	196.185	0	0	4.44951
43.1172	194.489	0	0	4.83103
51.5596	192.423	0	0	5.24134
59.9039	189.991	0	0	5.61815
68.1342	187.197	0	0	5.9669
76.2348	184.047	0	0	6.29154
84.1902	180.546	0.0103841	7.41378e-07	6.59497
91.9854	176.702	0.128291	4.89498e-05	6.87941
99.6055	172.522	0.276648	0.000176186	7.1466
107.036	168.013	0.426676	0.000362734	7.3979
114.263	163.184	0.569413	0.000586774	7.63442
121.272	158.045	0.701753	0.000831249	7.85704
128.05	152.604	0.822897	0.00108393	8.06652
134.585	146.874	0.933042	0.00133637	8.26345
140.863	140.863	1.0328	0.00158289	8.44835
146.874	134.585	1.12293	0.00181975	8.62164
152.604	128.05	1.20422	0.00204455	8.7837
158.045	121.272	1.27741	0.00225585	8.93483
163.184	114.263	1.34321	0.00245281	9.0753
168.013	107.036	1.40222	0.00263503	9.20533
172.522	99.6055	1.45501	0.00280244	9.32511
176.702	91.9854	1.50206	0.00295508	9.43481
180.546	84.1902	1.54378	0.00309315	9.53458
184.047	76.2348	1.58055	0.00321692	9.62452
187.197	68.1342	1.61269	0.00332667	9.70475
189.991	59.9039	1.64046	0.0034227	9.77536
192.423	51.5596	1.6641	0.00350528	9.83641
194.489	43.1172	1.68379	0.00357469	9.88798
196.185	34.5926	1.6997	0.00363115	9.9301
197.507	26.0023	1.71194	0.00367486	9.96282
198.453	17.3624	1.72062	0.00370597	9.98617
199.021	8.68946	1.72581	0.00372459	10.0002
199.211	1.21982e-14	1.72753	0.00373078	10.0048

0	218.413	0	0.00373078	10.0048
9.52705	218.205	0	0	4.44951
19.036	217.582	0	0	4.44951
28.5087	216.545	0	0	4.44951
37.9271	215.095	0	0	4.56024
47.2733	213.236	0	0	5.03605
56.5295	210.971	0	0	5.4677
65.6781	208.304	0	0	5.86375
74.7017	205.241	0	0	6.23007
83.5831	201.788	0	0	6.57091
92.3054	197.95	0.0238201	2.958e-06	6.88937
100.852	193.735	0.140775	5.71433e-05	7.18783
109.207	189.151	0.277335	0.000176915	7.46812
117.353	184.208	0.412923	0.000343458	7.73171
125.277	178.914	0.541043	0.000538862	7.97974
132.962	173.279	0.65891	0.000748401	8.21319
140.393	167.314	0.766649	0.000963279	8.43282
147.558	161.031	0.864408	0.00117658	8.63928
154.441	154.441	0.952332	0.00138273	8.83311
161.031	147.558	1.0326	0.00158238	9.01476
167.314	140.393	1.10449	0.00177023	9.18463
173.279	132.962	1.16919	0.00194641	9.34304
178.914	125.277	1.22731	0.00211033	9.49026
184.208	117.353	1.27942	0.00226176	9.62654
189.151	109.207	1.32601	0.0024007	9.75207
193.735	100.852	1.36752	0.00252725	9.86704
197.95	92.3054	1.40433	0.00264164	9.97158
201.788	83.5831	1.4367	0.0027439	10.0241
205.241	74.7017	1.46457	0.00283318	10.0241
208.304	65.6781	1.48827	0.00291001	10.0241
210.971	56.5295	1.50817	0.00297514	10.0241
213.236	47.2733	1.52455	0.00302919	10.0241
215.095	37.9271	1.53765	0.00307271	10.0241
216.545	28.5087	1.54766	0.00310611	10.0241
217.582	19.036	1.55471	0.00312974	10.0241
218.205	9.52705	1.55891	0.00314383	10.0241
218.413	1.3374e-14	1.5603	0.00314851	10.0241

0	239.466	0	0.00314851	10.0241
10.4454	239.239	0	0	4.44951
20.8709	238.555	0	0	4.44951
31.2566	237.418	0	0	4.44951
41.5829	235.828	0	0	4.75096
51.83	233.79	0	0	5.2519
61.9785	231.307	0	0	5.70577
72.0089	228.383	0	0	6.12185
81.9023	225.025	0	0	6.50651
91.6398	221.238	0	0	6.86426
101.203	217.03	0.0386437	6.62556e-06	7.19842
110.573	212.409	0.152131	6.50307e-05	7.51151
119.733	207.384	0.277619	0.000177218	7.8055
128.665	201.964	0.400209	0.000326013	8.08192
137.352	196.159	0.515108	0.000496502	8.342
145.778	189.982	0.620408	0.000676944	8.58675
153.926	183.442	0.71635	0.000860267	8.817
161.781	176.553	0.803223	0.00104108	9.03342
169.328	169.328	0.881691	0.00121605	9.2366
176.553	161.781	0.952381	0.00138285	9.427
183.442	153.926	1.01605	0.00154033	9.60503
189.982	145.778	1.07329	0.00168766	9.77105
196.159	137.352	1.1247	0.00182453	9.92534
201.964	128.665	1.1707	0.00195059	10.0241
207.384	119.733	1.21098	0.00206373	10.0241
212.409	110.573	1.24596	0.00216405	10.0241
217.03	101.203	1.27628	0.0022525	10.0241
221.238	91.6398	1.30243	0.00232997	10.0241
225.025	81.9023	1.32487	0.00239724	10.0241
228.383	72.0089	1.34394	0.00245502	10.0241
231.307	61.9785	1.35993	0.00250392	10.0241
233.79	51.83	1.3731	0.00254445	10.0241
235.828	41.5829	1.38363	0.00257705	10.0241
237.418	31.2566	1.39167	0.00260205	10.0241
238.555	20.8709	1.39733	0.00261973	10.0241
239.239	10.4454	1.4007	0.00263026	10.0241
239.466	1.46631e-14	1.40181	0.00263376	10.0241

0	262.549	0	0.00263376	10.0241
11.4522	262.299	0	0	4.44951
22.8827	261.55	0	0	4.44951
34.2695	260.303	0	0	4.44951
45.5912	258.56	0	0	4.95193
56.826	256.326	0	0	5.47901
67.9527	253.603	0	0	5.95601
78.95	250.397	0	0	6.393
89.797	246.715	0	0	6.79679
100.473	242.564	0	0	7.17219
110.958	237.95	0.0538292	1.15112e-05	7.52275
121.232	232.884	0.162444	7.25433e-05	7.85114
131.274	227.374	0.277596	0.000177193	8.15944
141.067	221.432	0.388482	0.000310248	8.44927
150.592	215.068	0.491543	0.000459226	8.72194
159.83	208.294	0.585807	0.000615199	8.97852
168.763	201.124	0.671338	0.000772076	9.21987
177.376	193.571	0.748633	0.000925848	9.44672
185.65	185.65	0.818332	0.00107392	9.65966
193.571	177.376	0.881073	0.00121463	9.85921
201.124	168.763	0.937504	0.00134704	10.0241
208.294	159.83	0.987141	0.00146799	10.0241
215.068	150.592	1.03021	0.00157629	10.0241
221.432	141.067	1.06762	0.00167283	10.0241
227.374	131.274	1.09625	0.00174826	10.0241
232.884	121.232	1.12827	0.00183421	10.0241
237.95	110.958	1.15266	0.00190077	10.0241
242.564	100.473	1.17369	0.00195892	10.0241
246.715	89.797	1.19172	0.00200931	10.0241
250.397	78.95	1.20703	0.00205253	10.0241
253.603	67.9527	1.21987	0.00208904	10.0241
256.326	56.826	1.23043	0.00211928	10.0241
258.56	45.5912	1.23888	0.00214357	10.0241
260.303	34.2695	1.24532	0.0021622	10.0241
261.55	22.8827	1.24987	0.00217536	10.0241
262.299	11.4522	1.25257	0.00218319	10.0241
262.549	1.60765e-14	1.25346	0.0021858	10.0241

0	287.856	0	0.0021858	10.0241
12.5561	287.582	0	0	4.44951
25.0883	286.761	0	0	4.44951
37.5728	285.394	0	0	4.53902
49.9858	283.483	0	0	5.16356
62.3035	281.033	0	0	5.71783
74.5027	278.048	0	0	6.21895
86.5601	274.534	0	0	6.67775
98.4527	270.497	0	0	7.10151
110.158	265.945	0	0	7.49536
121.653	260.887	0.0688259	1.73385e-05	7.86305
132.917	255.332	0.171782	7.96256e-05	8.20743
143.928	249.291	0.277341	0.000176921	8.53069
154.665	242.776	0.378127	0.000296589	8.83454
165.108	235.798	0.470317	0.000426654	9.12038
175.236	228.372	0.55469	0.000561706	9.38932
185.031	220.511	0.631036	0.000696383	9.64229
194.473	212.23	0.699884	0.000827565	9.88004
203.545	203.545	0.761705	0.000952948	10.0241
212.23	194.473	0.815455	0.00106764	10.0241
220.511	185.031	0.861844	0.00117077	10.0241
228.372	175.236	0.901958	0.00126299	10.0241
235.798	165.108	0.936703	0.00134512	10.0241
242.776	154.665	0.966834	0.001418	10.0241
249.291	143.928	0.992966	0.00148246	10.0241
255.332	132.917	1.01561	0.00153923	10.0241
260.887	121.653	1.0352	0.00158903	10.0241
265.945	110.158	1.05208	0.00163244	10.0241
270.497	98.4527	1.06653	0.00166999	10.0241
274.534	86.5601	1.07881	0.00170215	10.0241
278.048	74.5027	1.0891	0.00172929	10.0241
281.033	62.3035	1.09756	0.00175175	10.0241
283.483	49.9858	1.10432	0.00176977	10.0241
285.394	37.5728	1.10948	0.00178358	10.0241
286.761	25.0883	1.11312	0.00179333	10.0241
287.582	12.5561	1.11528	0.00179914	10.0241
287.856	1.76261e-14	1.116	0.00180107	10.0241

0	315.603	0	0.00180107	10.0241
13.7664	315.303	0	0	4.44951
27.5066	314.402	0	0	4.44951
41.1945	312.903	0	0	4.72881
54.804	310.809	0	0	5.38626
68.3091	308.122	0	0	5.96886
81.6842	304.849	0	0	6.49514
94.9038	300.996	0	0	6.97671
107.943	296.57	0	0	7.42132
120.776	291.58	0.00580649	2.81372e-07	7.83443
133.38	286.034	0.0833199	2.38418e-05	8.22004
145.729	279.944	0.180236	8.62639e-05	8.58113
157.802	273.321	0.276914	0.000176468	8.92002
169.574	266.177	0.367758	0.000283158	9.23854
181.023	258.527	0.451093	0.000397986	9.53815
192.127	250.385	0.526695	0.000515256	9.82003
202.866	241.766	0.594824	0.000631062	10.0241
213.219	232.687	0.654003	0.000739135	10.0241
223.165	223.165	0.704683	0.000837043	10.0241
232.687	213.219	0.748212	0.000924979	10.0241
241.766	202.866	0.785658	0.00100342	10.0241
250.385	192.127	0.817992	0.00107318	10.0241
258.527	181.023	0.845955	0.00113502	10.0241
266.177	169.574	0.870174	0.00118969	10.0241
273.321	157.802	0.891156	0.00123789	10.0241
279.944	145.729	0.909324	0.00128023	10.0241
286.034	133.38	0.925026	0.00131729	10.0241
291.58	120.776	0.938548	0.00134954	10.0241
296.57	107.943	0.950125	0.0013774	10.0241
300.996	94.9038	0.961173	0.00140419	10.0241
304.849	81.6842	0.968184	0.00142131	10.0241
308.122	68.3091	0.974953	0.00143791	10.0241
310.809	54.804	0.980361	0.00145123	10.0241
312.903	41.1945	0.984483	0.00146141	10.0241
314.402	27.5066	0.987396	0.00146862	10.0241
315.303	13.7664	0.989124	0.00147291	10.0241
315.603	1.93251e-14	0.989462	0.00147375	10.0241

0	346.025	0	0.00147375	10.0241
15.0934	345.696	0	0	4.44951
30.1581	344.708	0	0	4.44951
45.1653	343.065	0	0	4.92881
60.0866	340.768	0	0	5.6205
74.8935	337.823	0	0	6.23261
89.5578	334.234	0	0	6.78514
104.052	330.01	0	0	7.29048
118.347	325.157	0	0	7.75688
132.418	319.685	0.0174138	1.75488e-06	8.19014
146.236	313.605	0.0971335	3.07874e-05	8.59446
159.777	306.928	0.187883	9.24491e-05	8.97302
173.012	299.666	0.276436	0.00017596	9.32827
185.919	291.834	0.358647	0.000271562	9.66213
198.472	283.447	0.43368	0.000372712	9.97614
210.647	274.52	0.500117	0.000472655	10.0241
222.421	265.07	0.556599	0.00056493	10.0241
233.771	255.116	0.604656	0.000648543	10.0241
244.677	244.677	0.64567	0.000723506	10.0241
255.116	233.771	0.680792	0.000790281	10.0241
265.07	222.421	0.710967	0.00084952	10.0241
274.52	210.647	0.736968	0.00090193	10.0241
283.447	198.472	0.759427	0.000948203	10.0241
291.834	185.919	0.778854	0.000988974	10.0241
299.666	173.012	0.795672	0.00102482	10.0241
306.928	159.777	0.810224	0.00105625	10.0241
313.605	146.236	0.822792	0.0010837	10.0241
319.685	132.418	0.833609	0.00110755	10.0241
325.157	118.347	0.842866	0.00112812	10.0241
330.01	104.052	0.85072	0.0011457	10.0241
334.234	89.5578	0.857299	0.0011605	10.0241
337.823	74.8935	0.862707	0.00117273	10.0241
340.768	60.0866	0.867012	0.0011825	10.0241
343.065	45.1653	0.870324	0.00119003	10.0241
344.708	30.1581	0.872645	0.00119533	10.0241
345.696	15.0934	0.874025	0.00119848	10.0241
346.025	2.11879e-14	0.874482	0.00119953	10.0241

0	379.379	0	0.00119953	10.0241
16.5483	379.018	0	0	4.44951
33.065	377.935	0	0	4.44951
49.5189	376.133	0	0	5.13941
65.8784	373.615	0	0	5.86674
82.1126	370.386	0	0	6.50964
98.1904	366.452	0	0	7.08957
114.081	361.82	0	0	7.61974
129.755	356.499	0	0	8.10891
145.182	350.5	0.0310082	4.59076e-06	8.56321
160.332	343.834	0.110172	3.79789e-05	8.9871
175.178	336.513	0.194797	9.81886e-05	9.38393
189.689	328.552	0.27573	0.000175212	9.75629
203.84	319.965	0.350148	0.000260922	10.0241
217.603	310.769	0.414504	0.000345652	10.0241
230.951	300.981	0.468812	0.000424381	10.0241
243.86	290.621	0.514693	0.000495836	10.0241
256.305	279.707	0.55358	0.000559833	10.0241
268.261	268.261	0.586671	0.000616712	10.0241
279.707	256.305	0.614945	0.00066704	10.0241
290.621	243.86	0.639198	0.000711459	10.0241
300.981	230.951	0.6595	0.000749519	10.0241
310.769	217.603	0.678064	0.000785011	10.0241
319.965	203.84	0.693622	0.00081526	10.0241
328.552	189.689	0.70708	0.000841793	10.0241
336.513	175.178	0.718716	0.000865008	10.0241
343.834	160.332	0.728766	0.000885262	10.0241
350.5	145.182	0.737402	0.000902815	10.0241
356.499	129.755	0.744795	0.000917951	10.0241
361.82	114.081	0.751066	0.000930868	10.0241
366.452	98.1904	0.756316	0.000941739	10.0241
370.386	82.1126	0.760632	0.000950712	10.0241
373.615	65.8784	0.764078	0.000957901	10.0241
376.133	49.5189	0.766707	0.000963402	10.0241
377.935	33.065	0.768559	0.000967282	10.0241
379.018	16.5483	0.769659	0.000969591	10.0241
379.379	2.32302e-14	0.770024	0.000970357	10.0241

0	415.948	0	0.000970357	10.0241
18.1434	415.552	0	0	4.44951
36.2522	414.365	0	0	4.46554
54.2921	412.389	0	0	5.36105
72.2286	409.628	0	0	6.1255
90.0275	406.088	0	0	6.80052
107.655	401.775	0	0	7.40906
125.078	396.696	0	0	7.96517
142.262	390.863	0	0	8.47814
159.176	384.286	0.0453666	8.65602e-06	8.95444
175.787	376.977	0.122393	4.52567e-05	9.3988
192.063	368.95	0.201048	0.000103496	9.81474
207.974	360.221	0.274428	0.000173835	10.0241
223.489	350.807	0.337213	0.000245056	10.0241
238.578	340.724	0.389871	0.0003121	10.0241
253.213	329.993	0.434016	0.000373194	10.0241
267.366	318.634	0.471147	0.00042791	10.0241
281.01	306.669	0.502516	0.00047644	10.0241
294.119	294.119	0.529145	0.000519257	10.0241
306.669	281.01	0.551854	0.000556927	10.0241
318.634	267.366	0.571301	0.00059002	10.0241
329.993	253.213	0.588015	0.000619069	10.0241
340.724	238.578	0.602421	0.000644552	10.0241
350.807	223.489	0.614861	0.000666887	10.0241
360.221	207.974	0.625614	0.000686439	10.0241
368.95	192.063	0.634906	0.000703515	10.0241
376.977	175.787	0.64292	0.000718377	10.0241
384.286	159.176	0.649818	0.00073127	10.0241
390.863	142.262	0.655714	0.000742362	10.0241
396.696	125.078	0.660713	0.000751819	10.0241
401.775	107.655	0.664901	0.000759776	10.0241
406.088	90.0275	0.668338	0.000766335	10.0241
409.628	72.2286	0.671085	0.00077159	10.0241
412.389	54.2921	0.67318	0.00077561	10.0241
414.365	36.2522	0.674655	0.000778444	10.0241
415.552	18.1434	0.675531	0.00078013	10.0241
415.948	2.54694e-14	0.675822	0.00078069	10.0241

0	456.041	0	0.00078069	10.0241
19.8922	455.607	0	0	4.44951
39.7466	454.306	0	0	4.65154
59.5254	452.14	0	0	5.59417
79.1908	449.113	0	0	6.3973
98.7054	445.231	0	0	7.10585
118.032	440.502	0	0	7.74428
137.134	434.934	0	0	8.3275
155.975	428.539	0.00202911	4.87828e-08	8.86534
174.52	421.327	0.0598426	1.37333e-05	9.36466
192.731	413.314	0.133787	5.24948e-05	9.83041
210.577	404.514	0.205719	0.000107534	10.0241
228.021	394.943	0.267539	0.000166624	10.0241
245.031	384.621	0.318942	0.000223328	10.0241
261.575	373.567	0.361801	0.000275554	10.0241
277.62	361.802	0.397546	0.000322406	10.0241
293.138	349.348	0.427499	0.000363901	10.0241
308.097	336.229	0.452735	0.000400403	10.0241
322.47	322.47	0.474112	0.000432407	10.0241
336.229	308.097	0.492313	0.000460427	10.0241
349.348	293.138	0.507881	0.000484947	10.0241
361.802	277.62	0.521246	0.000506402	10.0241
373.567	261.575	0.532754	0.000525174	10.0241
384.621	245.031	0.542686	0.000541592	10.0241
394.943	228.021	0.551265	0.000555937	10.0241
404.514	210.577	0.558675	0.000568448	10.0241
413.314	192.731	0.565067	0.000579328	10.0241
421.327	174.52	0.570561	0.000588745	10.0241
428.539	155.975	0.575258	0.000596845	10.0241
434.934	137.134	0.579239	0.000603746	10.0241
440.502	118.032	0.582572	0.000609547	10.0241
445.231	98.7054	0.58531	0.000614329	10.0241
449.113	79.1908	0.587496	0.000618158	10.0241
452.14	59.5254	0.589163	0.000621083	10.0241
454.306	39.7466	0.590337	0.000623149	10.0241
455.607	19.8922	0.591035	0.000624376	10.0241
456.041	2.79245e-14	0.591266	0.000624783	10.0241

0	500	0	0.000624783	10.0241
21.8097	499.524	0	0	4.44951
43.5779	498.097	0	0	4.84762
65.2631	495.722	0	0	5.83925
86.8241	492.404	0	0	6.68273
108.22	488.148	0	0	7.42628
129.41	482.963	0	0	8.09594
150.353	476.858	0	0	8.70749
171.01	469.846	0.0117541	9.11468e-07	9.27135
191.342	461.94	0.0740566	1.95899e-05	9.79472
211.309	453.154	0.143382	5.8918e-05	10.0241
230.874	443.505	0.204326	0.000106324	10.0241
250	433.013	0.255183	0.000153996	10.0241
268.65	421.696	0.297201	0.000198537	10.0241
286.788	409.576	0.331934	0.000238696	10.0241
304.381	396.677	0.360777	0.000274256	10.0241
321.394	383.022	0.384871	0.000305457	10.0241
337.795	368.639	0.405124	0.000332714	10.0241
353.553	353.553	0.422249	0.000356483	10.0241
368.639	337.795	0.436809	0.000377205	10.0241
383.022	321.394	0.449249	0.000395278	10.0241
396.677	304.381	0.459918	0.000411047	10.0241
409.576	286.788	0.469099	0.000424815	10.0241
421.696	268.65	0.477017	0.000436831	10.0241
433.013	250	0.483854	0.000447316	10.0241
443.505	230.874	0.489755	0.000456446	10.0241
453.154	211.309	0.494843	0.000464377	10.0241
461.94	191.342	0.499216	0.000471236	10.0241
469.846	171.01	0.502952	0.000477129	10.0241
476.858	150.353	0.506006	0.000481967	10.0241
482.963	129.41	0.508771	0.000486365	10.0241
488.148	108.22	0.510948	0.000489838	10.0241
492.404	86.8241	0.512686	0.000492619	10.0241
495.722	65.2631	0.514013	0.000494744	10.0241
498.097	43.5779	0.514952	0.000496252	10.0241
499.524	21.8097	0.5155	0.000497132	10.0241
500	3.06162e-14	0.515684	0.000497428	10.0241

