0	2	0	6.95322e-310	6.95322e-310
0.0872388	1.9981	0	6.95322e-310	6.95322e-310
0.174311	1.99239	0	6.95322e-310	6.95322e-310
0.261052	1.98289	0	6.95322e-310	6.95322e-310
0.347296	1.96962	0	6.95322e-310	6.95322e-310
0.432879	1.95259	0	6.95322e-310	6.95322e-310
0.517638	1.93185	0	6.95322e-310	6.95322e-310
0.601412	1.90743	0	6.95322e-310	6.95322e-310
0.68404	1.87939	0	6.95322e-310	6.95322e-310
0.765367	1.84776	0	6.95322e-310	6.95322e-310
0.845237	1.81262	0	6.95322e-310	6.95322e-310
0.923497	1.77402	0	6.95322e-310	6.95322e-310
1	1.73205	0	6.95322e-310	6.95322e-310
1.0746	1.68678	0	6.95322e-310	6.95322e-310
1.14715	1.6383	0	6.95322e-310	6.95322e-310
1.21752	1.58671	0	6.95322e-310	6.95322e-310
1.28558	1.53209	0	6.95322e-310	6.95322e-310
1.35118	1.47455	0	6.95322e-310	6.95322e-310
1.41421	1.41421	0	6.95322e-310	6.95322e-310
1.47455	1.35118	0	6.95322e-310	6.95322e-310
1.53209	1.28558	0	6.95322e-310	6.95322e-310
1.58671	1.21752	0	6.95322e-310	6.95322e-310
1.6383	1.14715	0	6.95322e-310	6.95322e-310
1.68678	1.0746	0	6.95322e-310	6.95322e-310
1.73205	1	0	6.95322e-310	6.95322e-310
1.77402	0.923497	0	6.95322e-310	6.95322e-310
1.81262	0.845237	0	6.95322e-310	6.95322e-310
1.84776	0.765367	0	6.95322e-310	6.95322e-310
1.87939	0.68404	0	6.95322e-310	6.95322e-310
1.90743	0.601412	0	6.95322e-310	6.95322e-310
1.93185	0.517638	0	6.95322e-310	6.95322e-310
1.95259	0.432879	0	6.95322e-310	6.95322e-310
1.96962	0.347296	0	6.95322e-310	6.95322e-310
1.98289	0.261052	0	6.95322e-310	6.95322e-310
1.99239	0.174311	0	6.95322e-310	6.95322e-310
1.9981	0.0872388	0	6.95322e-310	6.95322e-310
2	1.22465e-16	0	6.95322e-310	6.95322e-310

0	2.19278	0	6.95322e-310	6.95322e-310
0.0956479	2.1907	0	6.95322e-310	6.95322e-310
0.191114	2.18444	0	6.95322e-310	6.95322e-310
0.286216	2.17402	0	6.95322e-310	6.95322e-310
0.380773	2.15947	0	6.95322e-310	6.95322e-310
0.474605	2.14081	0	6.95322e-310	6.95322e-310
0.567534	2.11807	0	6.95322e-310	6.95322e-310
0.659383	2.09129	0	6.95322e-310	6.95322e-310
0.749976	2.06054	0	6.95322e-310	6.95322e-310
0.839142	2.02587	0	6.95322e-310	6.95322e-310
0.92671	1.98734	0	6.95322e-310	6.95322e-310
1.01251	1.94502	0	6.95322e-310	6.95322e-310
1.09639	1.89901	0	6.95322e-310	6.95322e-310
1.17818	1.84937	0	6.95322e-310	6.95322e-310
1.25773	1.79622	0	6.95322e-310	6.95322e-310
1.33488	1.73965	0	6.95322e-310	6.95322e-310
1.40949	1.67977	0	6.95322e-310	6.95322e-310
1.48142	1.61669	0	6.95322e-310	6.95322e-310
1.55053	1.55053	0	6.95322e-310	6.95322e-310
1.61669	1.48142	0	6.95322e-310	6.95322e-310
1.67977	1.40949	0	6.95322e-310	6.95322e-310
1.73965	1.33488	0	6.95322e-310	6.95322e-310
1.79622	1.25773	0	6.95322e-310	6.95322e-310
1.84937	1.17818	0	6.95322e-310	6.95322e-310
1.89901	1.09639	0	6.95322e-310	6.95322e-310
1.94502	1.01251	0	6.95322e-310	6.95322e-310
1.98734	0.92671	0	6.95322e-310	6.95322e-310
2.02587	0.839142	0	6.95322e-310	6.95322e-310
2.06054	0.749976	0	6.95322e-310	6.95322e-310
2.09129	0.659383	0	6.95322e-310	6.95322e-310
2.11807	0.567534	0	6.95322e-310	6.95322e-310
2.14081	0.474605	0	6.95322e-310	6.95322e-310
2.15947	0.380773	0	6.95322e-310	6.95322e-310
2.17402	0.286216	0	6.95322e-310	6.95322e-310
2.18444	0.191114	0	6.95322e-310	6.95322e-310
2.1907	0.0956479	0	6.95322e-310	6.95322e-310
2.19278	1.34269e-16	0	6.95322e-310	6.95322e-310

0	2.40415	0	6.95322e-310	6.95322e-310
0.104867	2.40186	0	6.95322e-310	6.95322e-310
0.209535	2.395	0	6.95322e-310	6.95322e-310
0.313804	2.38358	0	6.95322e-310	6.95322e-310
0.417476	2.36762	0	6.95322e-310	6.95322e-310
0.520353	2.34716	0	6.95322e-310	6.95322e-310
0.622239	2.32223	0	6.95322e-310	6.95322e-310
0.722941	2.29288	0	6.95322e-310	6.95322e-310
0.822267	2.25916	0	6.95322e-310	6.95322e-310
0.920028	2.22114	0	6.95322e-310	6.95322e-310
1.01604	2.1789	0	6.95322e-310	6.95322e-310
1.11011	2.13251	0	6.95322e-310	6.95322e-310
1.20207	2.08205	0	6.95322e-310	6.95322e-310
1.29175	2.02764	0	6.95322e-310	6.95322e-310
1.37896	1.96936	0	6.95322e-310	6.95322e-310
1.46355	1.90734	0	6.95322e-310	6.95322e-310
1.54536	1.84168	0	6.95322e-310	6.95322e-310
1.62422	1.77252	0	6.95322e-310	6.95322e-310
1.69999	1.69999	0	6.95322e-310	6.95322e-310
1.77252	1.62422	0	6.95322e-310	6.95322e-310
1.84168	1.54536	0	6.95322e-310	6.95322e-310
1.90734	1.46355	0	6.95322e-310	6.95322e-310
1.96936	1.37896	0	6.95322e-310	6.95322e-310
2.02764	1.29175	0	6.95322e-310	6.95322e-310
2.08205	1.20207	0	6.95322e-310	6.95322e-310
2.13251	1.11011	0	6.95322e-310	6.95322e-310
2.1789	1.01604	0	6.95322e-310	6.95322e-310
2.22114	0.920028	0	6.95322e-310	6.95322e-310
2.25916	0.822267	0	6.95322e-310	6.95322e-310
2.29288	0.722941	0	6.95322e-310	6.95322e-310
2.32223	0.622239	0	6.95322e-310	6.95322e-310
2.34716	0.520353	0	6.95322e-310	6.95322e-310
2.36762	0.417476	0	6.95322e-310	6.95322e-310
2.38358	0.313804	0	6.95322e-310	6.95322e-310
2.395	0.209535	0	6.95322e-310	6.95322e-310
2.40186	0.104867	0	6.95322e-310	6.95322e-310
2.40415	1.47212e-16	0	6.95322e-310	6.95322e-310

0	2.63589	0	6.95322e-310	6.95322e-310
0.114976	2.63338	0	6.95322e-310	6.95322e-310
0.229733	2.62586	0	6.95322e-310	6.95322e-310
0.344052	2.61334	0	6.95322e-310	6.95322e-310
0.457717	2.59584	0	6.95322e-310	6.95322e-310
0.570511	2.57341	0	6.95322e-310	6.95322e-310
0.682218	2.54607	0	6.95322e-310	6.95322e-310
0.792627	2.51389	0	6.95322e-310	6.95322e-310
0.901527	2.47692	0	6.95322e-310	6.95322e-310
1.00871	2.43524	0	6.95322e-310	6.95322e-310
1.11397	2.38893	0	6.95322e-310	6.95322e-310
1.21712	2.33806	0	6.95322e-310	6.95322e-310
1.31794	2.28275	0	6.95322e-310	6.95322e-310
1.41626	2.22309	0	6.95322e-310	6.95322e-310
1.51188	2.15919	0	6.95322e-310	6.95322e-310
1.60463	2.09119	0	6.95322e-310	6.95322e-310
1.69432	2.01921	0	6.95322e-310	6.95322e-310
1.78078	1.94338	0	6.95322e-310	6.95322e-310
1.86385	1.86385	0	6.95322e-310	6.95322e-310
1.94338	1.78078	0	6.95322e-310	6.95322e-310
2.01921	1.69432	0	6.95322e-310	6.95322e-310
2.09119	1.60463	0	6.95322e-310	6.95322e-310
2.15919	1.51188	0	6.95322e-310	6.95322e-310
2.22309	1.41626	0	6.95322e-310	6.95322e-310
2.28275	1.31794	0	6.95322e-310	6.95322e-310
2.33806	1.21712	0	6.95322e-310	6.95322e-310
2.38893	1.11397	0	6.95322e-310	6.95322e-310
2.43524	1.00871	0	6.95322e-310	6.95322e-310
2.47692	0.901527	0	6.95322e-310	6.95322e-310
2.51389	0.792627	0	6.95322e-310	6.95322e-310
2.54607	0.682218	0	6.95322e-310	6.95322e-310
2.57341	0.570511	0	6.95322e-310	6.95322e-310
2.59584	0.457717	0	6.95322e-310	6.95322e-310
2.61334	0.344052	0	6.95322e-310	6.95322e-310
2.62586	0.229733	0	6.95322e-310	6.95322e-310
2.63338	0.114976	0	6.95322e-310	6.95322e-310
2.63589	1.61402e-16	0	6.95322e-310	6.95322e-310

0	2.88997	0	6.95322e-310	6.95322e-310
0.126059	2.88721	0	6.95322e-310	6.95322e-310
0.251877	2.87897	0	6.95322e-310	6.95322e-310
0.377216	2.86524	0	6.95322e-310	6.95322e-310
0.501837	2.84606	0	6.95322e-310	6.95322e-310
0.625503	2.82146	0	6.95322e-310	6.95322e-310
0.747978	2.79149	0	6.95322e-310	6.95322e-310
0.869029	2.75621	0	6.95322e-310	6.95322e-310
0.988426	2.71568	0	6.95322e-310	6.95322e-310
1.10594	2.66998	0	6.95322e-310	6.95322e-310
1.22135	2.6192	0	6.95322e-310	6.95322e-310
1.33444	2.56343	0	6.95322e-310	6.95322e-310
1.44498	2.50278	0	6.95322e-310	6.95322e-310
1.55278	2.43737	0	6.95322e-310	6.95322e-310
1.65762	2.36732	0	6.95322e-310	6.95322e-310
1.7593	2.29276	0	6.95322e-310	6.95322e-310
1.85763	2.21384	0	6.95322e-310	6.95322e-310
1.95243	2.13071	0	6.95322e-310	6.95322e-310
2.04351	2.04351	0	6.95322e-310	6.95322e-310
2.13071	1.95243	0	6.95322e-310	6.95322e-310
2.21384	1.85763	0	6.95322e-310	6.95322e-310
2.29276	1.7593	0	6.95322e-310	6.95322e-310
2.36732	1.65762	0	6.95322e-310	6.95322e-310
2.43737	1.55278	0	6.95322e-310	6.95322e-310
2.50278	1.44498	0	6.95322e-310	6.95322e-310
2.56343	1.33444	0	6.95322e-310	6.95322e-310
2.6192	1.22135	0	6.95322e-310	6.95322e-310
2.66998	1.10594	0	6.95322e-310	6.95322e-310
2.71568	0.988426	0	6.95322e-310	6.95322e-310
2.75621	0.869029	0	6.95322e-310	6.95322e-310
2.79149	0.747978	0	6.95322e-310	6.95322e-310
2.82146	0.625503	0	6.95322e-310	6.95322e-310
2.84606	0.501837	0	6.95322e-310	6.95322e-310
2.86524	0.377216	0	6.95322e-310	6.95322e-310
2.87897	0.251877	0	6.95322e-310	6.95322e-310
2.88721	0.126059	0	6.95322e-310	6.95322e-310
2.88997	1.76959e-16	0	6.95322e-310	6.95322e-310

0	3.16853	0	6.95322e-310	6.95322e-310
0.138209	3.16552	0	6.95322e-310	6.95322e-310
0.276156	3.15648	0	6.95322e-310	6.95322e-310
0.413577	3.14143	0	6.95322e-310	6.95322e-310
0.55021	3.1204	0	6.95322e-310	6.95322e-310
0.685796	3.09343	0	6.95322e-310	6.95322e-310
0.820077	3.06057	0	6.95322e-310	6.95322e-310
0.952796	3.02188	0	6.95322e-310	6.95322e-310
1.0837	2.97745	0	6.95322e-310	6.95322e-310
1.21255	2.92734	0	6.95322e-310	6.95322e-310
1.33908	2.87167	0	6.95322e-310	6.95322e-310
1.46307	2.81052	0	6.95322e-310	6.95322e-310
1.58427	2.74403	0	6.95322e-310	6.95322e-310
1.70245	2.67231	0	6.95322e-310	6.95322e-310
1.8174	2.59551	0	6.95322e-310	6.95322e-310
1.92888	2.51377	0	6.95322e-310	6.95322e-310
2.03669	2.42724	0	6.95322e-310	6.95322e-310
2.14063	2.33609	0	6.95322e-310	6.95322e-310
2.24049	2.24049	0	6.95322e-310	6.95322e-310
2.33609	2.14063	0	6.95322e-310	6.95322e-310
2.42724	2.03669	0	6.95322e-310	6.95322e-310
2.51377	1.92888	0	6.95322e-310	6.95322e-310
2.59551	1.8174	0	6.95322e-310	6.95322e-310
2.67231	1.70245	0	6.95322e-310	6.95322e-310
2.74403	1.58427	0	6.95322e-310	6.95322e-310
2.81052	1.46307	0	6.95322e-310	6.95322e-310
2.87167	1.33908	0	6.95322e-310	6.95322e-310
2.92734	1.21255	0	6.95322e-310	6.95322e-310
2.97745	1.0837	0	6.95322e-310	6.95322e-310
3.02188	0.952796	0	6.95322e-310	6.95322e-310
3.06057	0.820077	0	6.95322e-310	6.95322e-310
3.09343	0.685796	0	6.95322e-310	6.95322e-310
3.1204	0.55021	0	6.95322e-310	6.95322e-310
3.14143	0.413577	0	6.95322e-310	6.95322e-310
3.15648	0.276156	0	6.95322e-310	6.95322e-310
3.16552	0.138209	0	6.95322e-310	6.95322e-310
3.16853	1.94017e-16	0	6.95322e-310	6.95322e-310

0	3.47395	0	6.95322e-310	6.95322e-310
0.151532	3.47065	0	6.95322e-310	6.95322e-310
0.302775	3.46073	0	6.95322e-310	6.95322e-310
0.453442	3.44423	0	6.95322e-310	6.95322e-310
0.603246	3.42118	0	6.95322e-310	6.95322e-310
0.751901	3.39161	0	6.95322e-310	6.95322e-310
0.899125	3.35558	0	6.95322e-310	6.95322e-310
1.04464	3.31317	0	6.95322e-310	6.95322e-310
1.18816	3.26445	0	6.95322e-310	6.95322e-310
1.32942	3.20951	0	6.95322e-310	6.95322e-310
1.46816	3.14847	0	6.95322e-310	6.95322e-310
1.60409	3.08143	0	6.95322e-310	6.95322e-310
1.73698	3.00853	0	6.95322e-310	6.95322e-310
1.86655	2.9299	0	6.95322e-310	6.95322e-310
1.99258	2.8457	0	6.95322e-310	6.95322e-310
2.11481	2.75607	0	6.95322e-310	6.95322e-310
2.23301	2.6612	0	6.95322e-310	6.95322e-310
2.34697	2.56127	0	6.95322e-310	6.95322e-310
2.45646	2.45646	0	6.95322e-310	6.95322e-310
2.56127	2.34697	0	6.95322e-310	6.95322e-310
2.6612	2.23301	0	6.95322e-310	6.95322e-310
2.75607	2.11481	0	6.95322e-310	6.95322e-310
2.8457	1.99258	0	6.95322e-310	6.95322e-310
2.9299	1.86655	0	6.95322e-310	6.95322e-310
3.00853	1.73698	0	6.95322e-310	6.95322e-310
3.08143	1.60409	0	6.95322e-310	6.95322e-310
3.14847	1.46816	0	6.95322e-310	6.95322e-310
3.20951	1.32942	0	6.95322e-310	6.95322e-310
3.26445	1.18816	0	6.95322e-310	6.95322e-310
3.31317	1.04464	0	6.95322e-310	6.95322e-310
3.35558	0.899125	0	6.95322e-310	6.95322e-310
3.39161	0.751901	0	6.95322e-310	6.95322e-310
3.42118	0.603246	0	6.95322e-310	6.95322e-310
3.44423	0.453442	0	6.95322e-310	6.95322e-310
3.46073	0.302775	0	6.95322e-310	6.95322e-310
3.47065	0.151532	0	6.95322e-310	6.95322e-310
3.47395	2.12718e-16	0	6.95322e-310	6.95322e-310

0	3.80881	0	6.95322e-310	6.95322e-310
0.166138	3.80519	0	6.95322e-310	6.95322e-310
0.33196	3.79432	0	6.95322e-310	6.95322e-310
0.49715	3.77623	0	6.95322e-310	6.95322e-310
0.661393	3.75095	0	6.95322e-310	6.95322e-310
0.824378	3.71853	0	6.95322e-310	6.95322e-310
0.985793	3.67903	0	6.95322e-310	6.95322e-310
1.14533	3.63253	0	6.95322e-310	6.95322e-310
1.30269	3.57911	0	6.95322e-310	6.95322e-310
1.45757	3.51888	0	6.95322e-310	6.95322e-310
1.60967	3.45196	0	6.95322e-310	6.95322e-310
1.75871	3.37846	0	6.95322e-310	6.95322e-310
1.90441	3.29853	0	6.95322e-310	6.95322e-310
2.04647	3.21232	0	6.95322e-310	6.95322e-310
2.18465	3.12	0	6.95322e-310	6.95322e-310
2.31866	3.02173	0	6.95322e-310	6.95322e-310
2.44826	2.91772	0	6.95322e-310	6.95322e-310
2.5732	2.80815	0	6.95322e-310	6.95322e-310
2.69324	2.69324	0	6.95322e-310	6.95322e-310
2.80815	2.5732	0	6.95322e-310	6.95322e-310
2.91772	2.44826	0	6.95322e-310	6.95322e-310
3.02173	2.31866	0	6.95322e-310	6.95322e-310
3.12	2.18465	0	6.95322e-310	6.95322e-310
3.21232	2.04647	0	6.95322e-310	6.95322e-310
3.29853	1.90441	0	6.95322e-310	6.95322e-310
3.37846	1.75871	0	6.95322e-310	6.95322e-310
3.45196	1.60967	0	6.95322e-310	6.95322e-310
3.51888	1.45757	0	6.95322e-310	6.95322e-310
3.57911	1.30269	0	6.95322e-310	6.95322e-310
3.63253	1.14533	0	6.95322e-310	6.95322e-310
3.67903	0.985793	0	6.95322e-310	6.95322e-310
3.71853	0.824378	0	6.95322e-310	6.95322e-310
3.75095	0.661393	0	6.95322e-310	6.95322e-310
3.77623	0.49715	0	6.95322e-310	6.95322e-310
3.79432	0.33196	0	6.95322e-310	6.95322e-310
3.80519	0.166138	0	6.95322e-310	6.95322e-310
3.80881	2.33223e-16	0	6.95322e-310	6.95322e-310

0	4.17595	0	6.95322e-310	6.95322e-310
0.182152	4.17198	0	6.95322e-310	6.95322e-310
0.363958	4.16006	0	6.95322e-310	6.95322e-310
0.545071	4.14022	0	6.95322e-310	6.95322e-310
0.725146	4.11251	0	6.95322e-310	6.95322e-310
0.903841	4.07696	0	6.95322e-310	6.95322e-310
1.08082	4.03366	0	6.95322e-310	6.95322e-310
1.25573	3.98267	0	6.95322e-310	6.95322e-310
1.42826	3.92411	0	6.95322e-310	6.95322e-310
1.59807	3.85808	0	6.95322e-310	6.95322e-310
1.76483	3.7847	0	6.95322e-310	6.95322e-310
1.92824	3.70411	0	6.95322e-310	6.95322e-310
2.08798	3.61648	0	6.95322e-310	6.95322e-310
2.24374	3.52196	0	6.95322e-310	6.95322e-310
2.39523	3.42074	0	6.95322e-310	6.95322e-310
2.54216	3.313	0	6.95322e-310	6.95322e-310
2.68425	3.19896	0	6.95322e-310	6.95322e-310
2.82123	3.07883	0	6.95322e-310	6.95322e-310
2.95284	2.95284	0	6.95322e-310	6.95322e-310
3.07883	2.82123	0	6.95322e-310	6.95322e-310
3.19896	2.68425	0	6.95322e-310	6.95322e-310
3.313	2.54216	0	6.95322e-310	6.95322e-310
3.42074	2.39523	0	6.95322e-310	6.95322e-310
3.52196	2.24374	0	6.95322e-310	6.95322e-310
3.61648	2.08798	0	6.95322e-310	6.95322e-310
3.70411	1.92824	0	6.95322e-310	6.95322e-310
3.7847	1.76483	0	6.95322e-310	6.95322e-310
3.85808	1.59807	0	6.95322e-310	6.95322e-310
3.92411	1.42826	0	6.95322e-310	6.95322e-310
3.98267	1.25573	0	6.95322e-310	6.95322e-310
4.03366	1.08082	0	6.95322e-310	6.95322e-310
4.07696	0.903841	0	6.95322e-310	6.95322e-310
4.11251	0.725146	0	6.95322e-310	6.95322e-310
4.14022	0.545071	0	6.95322e-310	6.95322e-310
4.16006	0.363958	0	6.95322e-310	6.95322e-310
4.17198	0.182152	0	6.95322e-310	6.95322e-310
4.17595	2.55703e-16	0	6.95322e-310	6.95322e-310

0	4.57848	0	6.95322e-310	6.95322e-310
0.19971	4.57412	0	6.95322e-310	6.95322e-310
0.399041	4.56105	0	6.95322e-310	6.95322e-310
0.597611	4.53931	0	6.95322e-310	6.95322e-310
0.795044	4.50892	0	6.95322e-310	6.95322e-310
0.990964	4.46995	0	6.95322e-310	6.95322e-310
1.185	4.42247	0	6.95322e-310	6.95322e-310
1.37677	4.36657	0	6.95322e-310	6.95322e-310
1.56593	4.30236	0	6.95322e-310	6.95322e-310
1.75211	4.22996	0	6.95322e-310	6.95322e-310
1.93495	4.14951	0	6.95322e-310	6.95322e-310
2.11411	4.06116	0	6.95322e-310	6.95322e-310
2.28924	3.96508	0	6.95322e-310	6.95322e-310
2.46001	3.86145	0	6.95322e-310	6.95322e-310
2.62611	3.75047	0	6.95322e-310	6.95322e-310
2.7872	3.63235	0	6.95322e-310	6.95322e-310
2.94299	3.50732	0	6.95322e-310	6.95322e-310
3.09317	3.37561	0	6.95322e-310	6.95322e-310
3.23747	3.23747	0	6.95322e-310	6.95322e-310
3.37561	3.09317	0	6.95322e-310	6.95322e-310
3.50732	2.94299	0	6.95322e-310	6.95322e-310
3.63235	2.7872	0	6.95322e-310	6.95322e-310
3.75047	2.62611	0	6.95322e-310	6.95322e-310
3.86145	2.46001	0	6.95322e-310	6.95322e-310
3.96508	2.28924	0	6.95322e-310	6.95322e-310
4.06116	2.11411	0	6.95322e-310	6.95322e-310
4.14951	1.93495	0	6.95322e-310	6.95322e-310
4.22996	1.75211	0	6.95322e-310	6.95322e-310
4.30236	1.56593	0	6.95322e-310	6.95322e-310
4.36657	1.37677	0	6.95322e-310	6.95322e-310
4.42247	1.185	0	6.95322e-310	6.95322e-310
4.46995	0.990964	0	6.95322e-310	6.95322e-310
4.50892	0.795044	0	6.95322e-310	6.95322e-310
4.53931	0.597611	0	6.95322e-310	6.95322e-310
4.56105	0.399041	0	6.95322e-310	6.95322e-310
4.57412	0.19971	0	6.95322e-310	6.95322e-310
4.57848	2.80351e-16	0	6.95322e-310	6.95322e-310

0	5.0198	0	6.95322e-310	6.95322e-310
0.218961	5.01503	0	6.95322e-310	6.95322e-310
0.437505	5.0007	0	6.95322e-310	6.95322e-310
0.655216	4.97686	0	6.95322e-310	6.95322e-310
0.87168	4.94354	0	6.95322e-310	6.95322e-310
1.08648	4.90081	0	6.95322e-310	6.95322e-310
1.29922	4.84876	0	6.95322e-310	6.95322e-310
1.50948	4.78747	0	6.95322e-310	6.95322e-310
1.71687	4.71707	0	6.95322e-310	6.95322e-310
1.921	4.63769	0	6.95322e-310	6.95322e-310
2.12146	4.54949	0	6.95322e-310	6.95322e-310
2.31789	4.45262	0	6.95322e-310	6.95322e-310
2.5099	4.34728	0	6.95322e-310	6.95322e-310
2.69714	4.23366	0	6.95322e-310	6.95322e-310
2.87924	4.11198	0	6.95322e-310	6.95322e-310
3.05586	3.98248	0	6.95322e-310	6.95322e-310
3.22667	3.84539	0	6.95322e-310	6.95322e-310
3.39133	3.70099	0	6.95322e-310	6.95322e-310
3.54954	3.54954	0	6.95322e-310	6.95322e-310
3.70099	3.39133	0	6.95322e-310	6.95322e-310
3.84539	3.22667	0	6.95322e-310	6.95322e-310
3.98248	3.05586	0	6.95322e-310	6.95322e-310
4.11198	2.87924	0	6.95322e-310	6.95322e-310
4.23366	2.69714	0	6.95322e-310	6.95322e-310
4.34728	2.5099	0	6.95322e-310	6.95322e-310
4.45262	2.31789	0	6.95322e-310	6.95322e-310
4.54949	2.12146	0	6.95322e-310	6.95322e-310
4.63769	1.921	0	6.95322e-310	6.95322e-310
4.71707	1.71687	0	6.95322e-310	6.95322e-310
4.78747	1.50948	0	6.95322e-310	6.95322e-310
4.84876	1.29922	0	6.95322e-310	6.95322e-310
4.90081	1.08648	0	6.95322e-310	6.95322e-310
4.94354	0.87168	0	6.95322e-310	6.95322e-310
4.97686	0.655216	0	6.95322e-310	6.95322e-310
5.0007	0.437505	0	6.95322e-310	6.95322e-310
5.01503	0.218961	0	6.95322e-310	6.95322e-310
5.0198	3.07374e-16	0	6.95322e-310	6.95322e-310

0	5.50367	0	6.95322e-310	6.95322e-310
0.240067	5.49843	0	6.95322e-310	6.95322e-310
0.479676	5.48273	0	6.95322e-310	6.95322e-310
0.718373	5.45658	0	6.95322e-310	6.95322e-310
0.955702	5.42006	0	6.95322e-310	6.95322e-310
1.19121	5.37321	0	6.95322e-310	6.95322e-310
1.42445	5.31614	0	6.95322e-310	6.95322e-310
1.65499	5.24894	0	6.95322e-310	6.95322e-310
1.88237	5.17176	0	6.95322e-310	6.95322e-310
2.10616	5.08473	0	6.95322e-310	6.95322e-310
2.32595	4.98802	0	6.95322e-310	6.95322e-310
2.54131	4.88181	0	6.95322e-310	6.95322e-310
2.75183	4.76632	0	6.95322e-310	6.95322e-310
2.95712	4.64175	0	6.95322e-310	6.95322e-310
3.15678	4.50834	0	6.95322e-310	6.95322e-310
3.35042	4.36635	0	6.95322e-310	6.95322e-310
3.53769	4.21606	0	6.95322e-310	6.95322e-310
3.71823	4.05773	0	6.95322e-310	6.95322e-310
3.89168	3.89168	0	6.95322e-310	6.95322e-310
4.05773	3.71823	0	6.95322e-310	6.95322e-310
4.21606	3.53769	0	6.95322e-310	6.95322e-310
4.36635	3.35042	0	6.95322e-310	6.95322e-310
4.50834	3.15678	0	6.95322e-310	6.95322e-310
4.64175	2.95712	0	6.95322e-310	6.95322e-310
4.76632	2.75183	0	6.95322e-310	6.95322e-310
4.88181	2.54131	0	6.95322e-310	6.95322e-310
4.98802	2.32595	0	6.95322e-310	6.95322e-310
5.08473	2.10616	0	6.95322e-310	6.95322e-310
5.17176	1.88237	0	6.95322e-310	6.95322e-310
5.24894	1.65499	0	6.95322e-310	6.95322e-310
5.31614	1.42445	0	6.95322e-310	6.95322e-310
5.37321	1.19121	0	6.95322e-310	6.95322e-310
5.42006	0.955702	0	6.95322e-310	6.95322e-310
5.45658	0.718373	0	6.95322e-310	6.95322e-310
5.48273	0.479676	0	6.95322e-310	6.95322e-310
5.49843	0.240067	0	6.95322e-310	6.95322e-310
5.50367	3.37003e-16	0	6.95322e-310	6.95322e-310

0	6.03418	0	6.95322e-310	6.95322e-310
0.263207	6.02843	0	6.95322e-310	6.95322e-310
0.525913	6.01121	0	6.95322e-310	6.95322e-310
0.787618	5.98255	0	6.95322e-310	6.95322e-310
1.04782	5.9425	0	6.95322e-310	6.95322e-310
1.30603	5.89114	0	6.95322e-310	6.95322e-310
1.56176	5.82857	0	6.95322e-310	6.95322e-310
1.81451	5.7549	0	6.95322e-310	6.95322e-310
2.06381	5.67027	0	6.95322e-310	6.95322e-310
2.30918	5.57485	0	6.95322e-310	6.95322e-310
2.55015	5.46882	0	6.95322e-310	6.95322e-310
2.78627	5.35238	0	6.95322e-310	6.95322e-310
3.01709	5.22575	0	6.95322e-310	6.95322e-310
3.24216	5.08917	0	6.95322e-310	6.95322e-310
3.46106	4.94291	0	6.95322e-310	6.95322e-310
3.67337	4.78723	0	6.95322e-310	6.95322e-310
3.87869	4.62245	0	6.95322e-310	6.95322e-310
4.07663	4.44886	0	6.95322e-310	6.95322e-310
4.26681	4.26681	0	6.95322e-310	6.95322e-310
4.44886	4.07663	0	6.95322e-310	6.95322e-310
4.62245	3.87869	0	6.95322e-310	6.95322e-310
4.78723	3.67337	0	6.95322e-310	6.95322e-310
4.94291	3.46106	0	6.95322e-310	6.95322e-310
5.08917	3.24216	0	6.95322e-310	6.95322e-310
5.22575	3.01709	0	6.95322e-310	6.95322e-310
5.35238	2.78627	0	6.95322e-310	6.95322e-310
5.46882	2.55015	0	6.95322e-310	6.95322e-310
5.57485	2.30918	0	6.95322e-310	6.95322e-310
5.67027	2.06381	0	6.95322e-310	6.95322e-310
5.7549	1.81451	0	6.95322e-310	6.95322e-310
5.82857	1.56176	0	6.95322e-310	6.95322e-310
5.89114	1.30603	0	6.95322e-310	6.95322e-310
5.9425	1.04782	0	6.95322e-310	6.95322e-310
5.98255	0.787618	0	6.95322e-310	6.95322e-310
6.01121	0.525913	0	6.95322e-310	6.95322e-310
6.02843	0.263207	0	6.95322e-310	6.95322e-310
6.03418	3.69487e-16	0	6.95322e-310	6.95322e-310

0	6.61582	0	6.95322e-310	6.95322e-310
0.288578	6.60952	0	6.95322e-310	6.95322e-310
0.576607	6.59064	0	6.95322e-310	6.95322e-310
0.863538	6.55922	0	6.95322e-310	6.95322e-310
1.14883	6.51531	0	6.95322e-310	6.95322e-310
1.43193	6.459	0	6.95322e-310	6.95322e-310
1.7123	6.39039	0	6.95322e-310	6.95322e-310
1.98942	6.30962	0	6.95322e-310	6.95322e-310
2.26274	6.21684	0	6.95322e-310	6.95322e-310
2.53176	6.11222	0	6.95322e-310	6.95322e-310
2.79597	5.99597	0	6.95322e-310	6.95322e-310
3.05485	5.8683	0	6.95322e-310	6.95322e-310
3.30791	5.72947	0	6.95322e-310	6.95322e-310
3.55468	5.57973	0	6.95322e-310	6.95322e-310
3.79468	5.41936	0	6.95322e-310	6.95322e-310
4.02746	5.24868	0	6.95322e-310	6.95322e-310
4.25257	5.06801	0	6.95322e-310	6.95322e-310
4.46958	4.87769	0	6.95322e-310	6.95322e-310
4.67809	4.67809	0	6.95322e-310	6.95322e-310
4.87769	4.46958	0	6.95322e-310	6.95322e-310
5.06801	4.25257	0	6.95322e-310	6.95322e-310
5.24868	4.02746	0	6.95322e-310	6.95322e-310
5.41936	3.79468	0	6.95322e-310	6.95322e-310
5.57973	3.55468	0	6.95322e-310	6.95322e-310
5.72947	3.30791	0	6.95322e-310	6.95322e-310
5.8683	3.05485	0	6.95322e-310	6.95322e-310
5.99597	2.79597	0	6.95322e-310	6.95322e-310
6.11222	2.53176	0	6.95322e-310	6.95322e-310
6.21684	2.26274	0	6.95322e-310	6.95322e-310
6.30962	1.98942	0	6.95322e-310	6.95322e-310
6.39039	1.7123	0	6.95322e-310	6.95322e-310
6.459	1.43193	0	6.95322e-310	6.95322e-310
6.51531	1.14883	0	6.95322e-310	6.95322e-310
6.55922	0.863538	0	6.95322e-310	6.95322e-310
6.59064	0.576607	0	6.95322e-310	6.95322e-310
6.60952	0.288578	0	6.95322e-310	6.95322e-310
6.61582	4.05102e-16	0	6.95322e-310	6.95322e-310

0	7.25353	0	6.95322e-310	6.95322e-310
0.316394	7.24662	0	6.95322e-310	6.95322e-310
0.632187	7.22593	0	6.95322e-310	6.95322e-310
0.946775	7.19147	0	6.95322e-310	6.95322e-310
1.25956	7.14333	0	6.95322e-310	6.95322e-310
1.56995	7.08159	0	6.95322e-310	6.95322e-310
1.87735	7.00637	0	6.95322e-310	6.95322e-310
2.18118	6.91781	0	6.95322e-310	6.95322e-310
2.48085	6.81609	0	6.95322e-310	6.95322e-310
2.77581	6.70139	0	6.95322e-310	6.95322e-310
3.06547	6.57393	0	6.95322e-310	6.95322e-310
3.34931	6.43396	0	6.95322e-310	6.95322e-310
3.62676	6.28174	0	6.95322e-310	6.95322e-310
3.89732	6.11756	0	6.95322e-310	6.95322e-310
4.16045	5.94174	0	6.95322e-310	6.95322e-310
4.41567	5.75461	0	6.95322e-310	6.95322e-310
4.66248	5.55653	0	6.95322e-310	6.95322e-310
4.90041	5.34786	0	6.95322e-310	6.95322e-310
5.12902	5.12902	0	6.95322e-310	6.95322e-310
5.34786	4.90041	0	6.95322e-310	6.95322e-310
5.55653	4.66248	0	6.95322e-310	6.95322e-310
5.75461	4.41567	0	6.95322e-310	6.95322e-310
5.94174	4.16045	0	6.95322e-310	6.95322e-310
6.11756	3.89732	0	6.95322e-310	6.95322e-310
6.28174	3.62676	0	6.95322e-310	6.95322e-310
6.43396	3.34931	0	6.95322e-310	6.95322e-310
6.57393	3.06547	0	6.95322e-310	6.95322e-310
6.70139	2.77581	0	6.95322e-310	6.95322e-310
6.81609	2.48085	0	6.95322e-310	6.95322e-310
6.91781	2.18118	0	6.95322e-310	6.95322e-310
7.00637	1.87735	0	6.95322e-310	6.95322e-310
7.08159	1.56995	0	6.95322e-310	6.95322e-310
7.14333	1.25956	0	6.95322e-310	6.95322e-310
7.19147	0.946775	0	6.95322e-310	6.95322e-310
7.22593	0.632187	0	6.95322e-310	6.95322e-310
7.24662	0.316394	0	6.95322e-310	6.95322e-310
7.25353	4.44151e-16	0	6.95322e-310	6.95322e-310

0	7.95271	0	6.95322e-310	6.95322e-310
0.346892	7.94514	0	6.95322e-310	6.95322e-310
0.693124	7.92244	0	6.95322e-310	6.95322e-310
1.03804	7.88467	0	6.95322e-310	6.95322e-310
1.38097	7.83189	0	6.95322e-310	6.95322e-310
1.72128	7.7642	0	6.95322e-310	6.95322e-310
2.05831	7.68173	0	6.95322e-310	6.95322e-310
2.39143	7.58463	0	6.95322e-310	6.95322e-310
2.71999	7.4731	0	6.95322e-310	6.95322e-310
3.04337	7.34734	0	6.95322e-310	6.95322e-310
3.36096	7.2076	0	6.95322e-310	6.95322e-310
3.67215	7.05414	0	6.95322e-310	6.95322e-310
3.97635	6.88725	0	6.95322e-310	6.95322e-310
4.27299	6.70725	0	6.95322e-310	6.95322e-310
4.56149	6.51448	0	6.95322e-310	6.95322e-310
4.8413	6.30931	0	6.95322e-310	6.95322e-310
5.1119	6.09213	0	6.95322e-310	6.95322e-310
5.37277	5.86335	0	6.95322e-310	6.95322e-310
5.62341	5.62341	0	6.95322e-310	6.95322e-310
5.86335	5.37277	0	6.95322e-310	6.95322e-310
6.09213	5.1119	0	6.95322e-310	6.95322e-310
6.30931	4.8413	0	6.95322e-310	6.95322e-310
6.51448	4.56149	0	6.95322e-310	6.95322e-310
6.70725	4.27299	0	6.95322e-310	6.95322e-310
6.88725	3.97635	0	6.95322e-310	6.95322e-310
7.05414	3.67215	0	6.95322e-310	6.95322e-310
7.2076	3.36096	0	6.95322e-310	6.95322e-310
7.34734	3.04337	0	6.95322e-310	6.95322e-310
7.4731	2.71999	0	6.95322e-310	6.95322e-310
7.58463	2.39143	0	6.95322e-310	6.95322e-310
7.68173	2.05831	0	6.95322e-310	6.95322e-310
7.7642	1.72128	0	6.95322e-310	6.95322e-310
7.83189	1.38097	0	6.95322e-310	6.95322e-310
7.88467	1.03804	0	6.95322e-310	6.95322e-310
7.92244	0.693124	0	6.95322e-310	6.95322e-310
7.94514	0.346892	0	6.95322e-310	6.95322e-310
7.95271	4.86963e-16	0	6.95322e-310	6.95322e-310

0	8.71928	0	6.95322e-310	6.95322e-310
0.38033	8.71098	0	6.95322e-310	6.95322e-310
0.759935	8.6861	0	6.95322e-310	6.95322e-310
1.13809	8.64469	0	6.95322e-310	6.95322e-310
1.51409	8.58682	0	6.95322e-310	6.95322e-310
1.8872	8.5126	0	6.95322e-310	6.95322e-310
2.25672	8.42218	0	6.95322e-310	6.95322e-310
2.62194	8.31573	0	6.95322e-310	6.95322e-310
2.98217	8.19344	0	6.95322e-310	6.95322e-310
3.33672	8.05557	0	6.95322e-310	6.95322e-310
3.68493	7.90235	0	6.95322e-310	6.95322e-310
4.02612	7.7341	0	6.95322e-310	6.95322e-310
4.35964	7.55112	0	6.95322e-310	6.95322e-310
4.68487	7.35377	0	6.95322e-310	6.95322e-310
5.00117	7.14242	0	6.95322e-310	6.95322e-310
5.30796	6.91747	0	6.95322e-310	6.95322e-310
5.60465	6.67936	0	6.95322e-310	6.95322e-310
5.89066	6.42853	0	6.95322e-310	6.95322e-310
6.16546	6.16546	0	6.95322e-310	6.95322e-310
6.42853	5.89066	0	6.95322e-310	6.95322e-310
6.67936	5.60465	0	6.95322e-310	6.95322e-310
6.91747	5.30796	0	6.95322e-310	6.95322e-310
7.14242	5.00117	0	6.95322e-310	6.95322e-310
7.35377	4.68487	0	6.95322e-310	6.95322e-310
7.55112	4.35964	0	6.95322e-310	6.95322e-310
7.7341	4.02612	0	6.95322e-310	6.95322e-310
7.90235	3.68493	0	6.95322e-310	6.95322e-310
8.05557	3.33672	0	6.95322e-310	6.95322e-310
8.19344	2.98217	0	6.95322e-310	6.95322e-310
8.31573	2.62194	0	6.95322e-310	6.95322e-310
8.42218	2.25672	0	6.95322e-310	6.95322e-310
8.5126	1.8872	0	6.95322e-310	6.95322e-310
8.58682	1.51409	0	6.95322e-310	6.95322e-310
8.64469	1.13809	0	6.95322e-310	6.95322e-310
8.6861	0.759935	0	6.95322e-310	6.95322e-310
8.71098	0.38033	0	6.95322e-310	6.95322e-310
8.71928	5.33902e-16	0	6.95322e-310	6.95322e-310

0	9.55975	0	6.95322e-310	6.95322e-310
0.41699	9.55065	0	6.95322e-310	6.95322e-310
0.833187	9.52337	0	6.95322e-310	6.95322e-310
1.2478	9.47796	0	6.95322e-310	6.95322e-310
1.66003	9.41451	0	6.95322e-310	6.95322e-310
2.06911	9.33314	0	6.95322e-310	6.95322e-310
2.47424	9.23401	0	6.95322e-310	6.95322e-310
2.87467	9.11729	0	6.95322e-310	6.95322e-310
3.26963	8.98322	0	6.95322e-310	6.95322e-310
3.65836	8.83205	0	6.95322e-310	6.95322e-310
4.04012	8.66407	0	6.95322e-310	6.95322e-310
4.4142	8.4796	0	6.95322e-310	6.95322e-310
4.77987	8.27898	0	6.95322e-310	6.95322e-310
5.13645	8.06261	0	6.95322e-310	6.95322e-310
5.48324	7.83089	0	6.95322e-310	6.95322e-310
5.8196	7.58426	0	6.95322e-310	6.95322e-310
6.14489	7.32319	0	6.95322e-310	6.95322e-310
6.45847	7.04818	0	6.95322e-310	6.95322e-310
6.75976	6.75976	0	6.95322e-310	6.95322e-310
7.04818	6.45847	0	6.95322e-310	6.95322e-310
7.32319	6.14489	0	6.95322e-310	6.95322e-310
7.58426	5.8196	0	6.95322e-310	6.95322e-310
7.83089	5.48324	0	6.95322e-310	6.95322e-310
8.06261	5.13645	0	6.95322e-310	6.95322e-310
8.27898	4.77987	0	6.95322e-310	6.95322e-310
8.4796	4.4142	0	6.95322e-310	6.95322e-310
8.66407	4.04012	0	6.95322e-310	6.95322e-310
8.83205	3.65836	0	6.95322e-310	6.95322e-310
8.98322	3.26963	0	6.95322e-310	6.95322e-310
9.11729	2.87467	0	6.95322e-310	6.95322e-310
9.23401	2.47424	0	6.95322e-310	6.95322e-310
9.33314	2.06911	0	6.95322e-310	6.95322e-310
9.41451	1.66003	0	6.95322e-310	6.95322e-310
9.47796	1.2478	0	6.95322e-310	6.95322e-310
9.52337	0.833187	0	6.95322e-310	6.95322e-310
9.55065	0.41699	0	6.95322e-310	6.95322e-310
9.55975	5.85366e-16	0	6.95322e-310	6.95322e-310

0	10.4812	0	6.95322e-310	6.95322e-310
0.457185	10.4712	0	6.95322e-310	6.95322e-310
0.913499	10.4413	0	6.95322e-310	6.95322e-310
1.36807	10.3916	0	6.95322e-310	6.95322e-310
1.82005	10.322	0	6.95322e-310	6.95322e-310
2.26855	10.2328	0	6.95322e-310	6.95322e-310
2.71274	10.1241	0	6.95322e-310	6.95322e-310
3.15176	9.99612	0	6.95322e-310	6.95322e-310
3.58479	9.84913	0	6.95322e-310	6.95322e-310
4.01099	9.68339	0	6.95322e-310	6.95322e-310
4.42956	9.49921	0	6.95322e-310	6.95322e-310
4.83969	9.29696	0	6.95322e-310	6.95322e-310
5.24061	9.07701	0	6.95322e-310	6.95322e-310
5.63156	8.83977	0	6.95322e-310	6.95322e-310
6.01178	8.58572	0	6.95322e-310	6.95322e-310
6.38056	8.31531	0	6.95322e-310	6.95322e-310
6.7372	8.02908	0	6.95322e-310	6.95322e-310
7.08101	7.72757	0	6.95322e-310	6.95322e-310
7.41134	7.41134	0	6.95322e-310	6.95322e-310
7.72757	7.08101	0	6.95322e-310	6.95322e-310
8.02908	6.7372	0	6.95322e-310	6.95322e-310
8.31531	6.38056	0	6.95322e-310	6.95322e-310
8.58572	6.01178	0	6.95322e-310	6.95322e-310
8.83977	5.63156	0	6.95322e-310	6.95322e-310
9.07701	5.24061	0	6.95322e-310	6.95322e-310
9.29696	4.83969	0	6.95322e-310	6.95322e-310
9.49921	4.42956	0	6.95322e-310	6.95322e-310
9.68339	4.01099	0	6.95322e-310	6.95322e-310
9.84913	3.58479	0	6.95322e-310	6.95322e-310
9.99612	3.15176	0	6.95322e-310	6.95322e-310
10.1241	2.71274	0	6.95322e-310	6.95322e-310
10.2328	2.26855	0	6.95322e-310	6.95322e-310
10.322	1.82005	0	6.95322e-310	6.95322e-310
10.3916	1.36807	0	6.95322e-310	6.95322e-310
10.4413	0.913499	0	6.95322e-310	6.95322e-310
10.4712	0.457185	0	6.95322e-310	6.95322e-310
10.4812	6.4179e-16	0	6.95322e-310	6.95322e-310

0	11.4915	0	6.95322e-310	6.95322e-310
0.501253	11.4806	0	6.95322e-310	6.95322e-310
1.00155	11.4478	0	6.95322e-310	6.95322e-310
1.49994	11.3932	0	6.95322e-310	6.95322e-310
1.99548	11.3169	0	6.95322e-310	6.95322e-310
2.48722	11.2191	0	6.95322e-310	6.95322e-310
2.97423	11.1	0	6.95322e-310	6.95322e-310
3.45557	10.9597	0	6.95322e-310	6.95322e-310
3.93033	10.7985	0	6.95322e-310	6.95322e-310
4.39762	10.6168	0	6.95322e-310	6.95322e-310
4.85653	10.4149	0	6.95322e-310	6.95322e-310
5.3062	10.1931	0	6.95322e-310	6.95322e-310
5.74576	9.95195	0	6.95322e-310	6.95322e-310
6.17439	9.69185	0	6.95322e-310	6.95322e-310
6.59127	9.41331	0	6.95322e-310	6.95322e-310
6.9956	9.11684	0	6.95322e-310	6.95322e-310
7.38661	8.80302	0	6.95322e-310	6.95322e-310
7.76356	8.47244	0	6.95322e-310	6.95322e-310
8.12574	8.12574	0	6.95322e-310	6.95322e-310
8.47244	7.76356	0	6.95322e-310	6.95322e-310
8.80302	7.38661	0	6.95322e-310	6.95322e-310
9.11684	6.9956	0	6.95322e-310	6.95322e-310
9.41331	6.59127	0	6.95322e-310	6.95322e-310
9.69185	6.17439	0	6.95322e-310	6.95322e-310
9.95195	5.74576	0	6.95322e-310	6.95322e-310
10.1931	5.3062	0	6.95322e-310	6.95322e-310
10.4149	4.85653	0	6.95322e-310	6.95322e-310
10.6168	4.39762	0	6.95322e-310	6.95322e-310
10.7985	3.93033	0	6.95322e-310	6.95322e-310
10.9597	3.45557	0	6.95322e-310	6.95322e-310
11.1	2.97423	0	6.95322e-310	6.95322e-310
11.2191	2.48722	0	6.95322e-310	6.95322e-310
11.3169	1.99548	0	6.95322e-310	6.95322e-310
11.3932	1.49994	0	6.95322e-310	6.95322e-310
11.4478	1.00155	0	6.95322e-310	6.95322e-310
11.4806	0.501253	0	6.95322e-310	6.95322e-310
11.4915	7.03653e-16	0	6.95322e-310	6.95322e-310

0	12.5992	0	6.95322e-310	6.95322e-310
0.54957	12.5872	0	6.95322e-310	6.95322e-310
1.09809	12.5513	0	6.95322e-310	6.95322e-310
1.64453	12.4914	0	6.95322e-310	6.95322e-310
2.18783	12.4078	0	6.95322e-310	6.95322e-310
2.72697	12.3006	0	6.95322e-310	6.95322e-310
3.26092	12.1699	0	6.95322e-310	6.95322e-310
3.78866	12.0161	0	6.95322e-310	6.95322e-310
4.30918	11.8394	0	6.95322e-310	6.95322e-310
4.82151	11.6402	0	6.95322e-310	6.95322e-310
5.32466	11.4188	0	6.95322e-310	6.95322e-310
5.81767	11.1756	0	6.95322e-310	6.95322e-310
6.29961	10.9112	0	6.95322e-310	6.95322e-310
6.76955	10.6261	0	6.95322e-310	6.95322e-310
7.22661	10.3207	0	6.95322e-310	6.95322e-310
7.66991	9.99563	0	6.95322e-310	6.95322e-310
8.09862	9.65156	0	6.95322e-310	6.95322e-310
8.5119	9.28911	0	6.95322e-310	6.95322e-310
8.90899	8.90899	0	6.95322e-310	6.95322e-310
9.28911	8.5119	0	6.95322e-310	6.95322e-310
9.65156	8.09862	0	6.95322e-310	6.95322e-310
9.99563	7.66991	0	6.95322e-310	6.95322e-310
10.3207	7.22661	0	6.95322e-310	6.95322e-310
10.6261	6.76955	0	6.95322e-310	6.95322e-310
10.9112	6.29961	0	6.95322e-310	6.95322e-310
11.1756	5.81767	0	6.95322e-310	6.95322e-310
11.4188	5.32466	0	6.95322e-310	6.95322e-310
11.6402	4.82151	0	6.95322e-310	6.95322e-310
11.8394	4.30918	0	6.95322e-310	6.95322e-310
12.0161	3.78866	0	6.95322e-310	6.95322e-310
12.1699	3.26092	0	6.95322e-310	6.95322e-310
12.3006	2.72697	0	6.95322e-310	6.95322e-310
12.4078	2.18783	0	6.95322e-310	6.95322e-310
12.4914	1.64453	0	6.95322e-310	6.95322e-310
12.5513	1.09809	0	6.95322e-310	6.95322e-310
12.5872	0.54957	0	6.95322e-310	6.95322e-310
12.5992	7.71479e-16	0	6.95322e-310	6.95322e-310

0	13.8137	0	6.95322e-310	6.95322e-310
0.602544	13.8005	0	6.95322e-310	6.95322e-310
1.20394	13.7611	0	6.95322e-310	6.95322e-310
1.80305	13.6955	0	6.95322e-310	6.95322e-310
2.39872	13.6038	0	6.95322e-310	6.95322e-310
2.98982	13.4862	0	6.95322e-310	6.95322e-310
3.57524	13.343	0	6.95322e-310	6.95322e-310
4.15385	13.1743	0	6.95322e-310	6.95322e-310
4.72455	12.9806	0	6.95322e-310	6.95322e-310
5.28626	12.7622	0	6.95322e-310	6.95322e-310
5.83791	12.5194	0	6.95322e-310	6.95322e-310
6.37844	12.2529	0	6.95322e-310	6.95322e-310
6.90683	11.963	0	6.95322e-310	6.95322e-310
7.42208	11.6503	0	6.95322e-310	6.95322e-310
7.92319	11.3155	0	6.95322e-310	6.95322e-310
8.40923	10.9591	0	6.95322e-310	6.95322e-310
8.87925	10.5819	0	6.95322e-310	6.95322e-310
9.33238	10.1845	0	6.95322e-310	6.95322e-310
9.76774	9.76774	0	6.95322e-310	6.95322e-310
10.1845	9.33238	0	6.95322e-310	6.95322e-310
10.5819	8.87925	0	6.95322e-310	6.95322e-310
10.9591	8.40923	0	6.95322e-310	6.95322e-310
11.3155	7.92319	0	6.95322e-310	6.95322e-310
11.6503	7.42208	0	6.95322e-310	6.95322e-310
11.963	6.90683	0	6.95322e-310	6.95322e-310
12.2529	6.37844	0	6.95322e-310	6.95322e-310
12.5194	5.83791	0	6.95322e-310	6.95322e-310
12.7622	5.28626	0	6.95322e-310	6.95322e-310
12.9806	4.72455	0	6.95322e-310	6.95322e-310
13.1743	4.15385	0	6.95322e-310	6.95322e-310
13.343	3.57524	0	6.95322e-310	6.95322e-310
13.4862	2.98982	0	6.95322e-310	6.95322e-310
13.6038	2.39872	0	6.95322e-310	6.95322e-310
13.6955	1.80305	0	6.95322e-310	6.95322e-310
13.7611	1.20394	0	6.95322e-310	6.95322e-310
13.8005	0.602544	0	6.95322e-310	6.95322e-310
13.8137	8.45843e-16	0	6.95322e-310	6.95322e-310

0	15.1452	0	6.95322e-310	6.95322e-310
0.660624	15.1308	0	6.95322e-310	6.95322e-310
1.31999	15.0876	0	6.95322e-310	6.95322e-310
1.97684	15.0156	0	6.95322e-310	6.95322e-310
2.62993	14.9151	0	6.95322e-310	6.95322e-310
3.27802	14.7862	0	6.95322e-310	6.95322e-310
3.91986	14.6291	0	6.95322e-310	6.95322e-310
4.55425	14.4442	0	6.95322e-310	6.95322e-310
5.17996	14.2318	0	6.95322e-310	6.95322e-310
5.79581	13.9923	0	6.95322e-310	6.95322e-310
6.40063	13.7262	0	6.95322e-310	6.95322e-310
6.99327	13.4339	0	6.95322e-310	6.95322e-310
7.57259	13.1161	0	6.95322e-310	6.95322e-310
8.1375	12.7733	0	6.95322e-310	6.95322e-310
8.68692	12.4062	0	6.95322e-310	6.95322e-310
9.21981	12.0155	0	6.95322e-310	6.95322e-310
9.73514	11.6019	0	6.95322e-310	6.95322e-310
10.2319	11.1662	0	6.95322e-310	6.95322e-310
10.7093	10.7093	0	6.95322e-310	6.95322e-310
11.1662	10.2319	0	6.95322e-310	6.95322e-310
11.6019	9.73514	0	6.95322e-310	6.95322e-310
12.0155	9.21981	0	6.95322e-310	6.95322e-310
12.4062	8.68692	0	6.95322e-310	6.95322e-310
12.7733	8.1375	0	6.95322e-310	6.95322e-310
13.1161	7.57259	0	6.95322e-310	6.95322e-310
13.4339	6.99327	0	6.95322e-310	6.95322e-310
13.7262	6.40063	0	6.95322e-310	6.95322e-310
13.9923	5.79581	0	6.95322e-310	6.95322e-310
14.2318	5.17996	0	6.95322e-310	6.95322e-310
14.4442	4.55425	0	6.95322e-310	6.95322e-310
14.6291	3.91986	0	6.95322e-310	6.95322e-310
14.7862	3.27802	0	6.95322e-310	6.95322e-310
14.9151	2.62993	0	6.95322e-310	6.95322e-310
15.0156	1.97684	0	6.95322e-310	6.95322e-310
15.0876	1.31999	0	6.95322e-310	6.95322e-310
15.1308	0.660624	0	6.95322e-310	6.95322e-310
15.1452	9.27375e-16	0	6.95322e-310	6.95322e-310

0	16.6051	0	6.95322e-310	6.95322e-310
0.724302	16.5893	0	6.95322e-310	6.95322e-310
1.44723	16.5419	0	6.95322e-310	6.95322e-310
2.16739	16.463	0	6.95322e-310	6.95322e-310
2.88344	16.3528	0	6.95322e-310	6.95322e-310
3.59399	16.2114	0	6.95322e-310	6.95322e-310
4.2977	16.0393	0	6.95322e-310	6.95322e-310
4.99324	15.8365	0	6.95322e-310	6.95322e-310
5.67926	15.6036	0	6.95322e-310	6.95322e-310
6.35448	15.3411	0	6.95322e-310	6.95322e-310
7.0176	15.0493	0	6.95322e-310	6.95322e-310
7.66736	14.7289	0	6.95322e-310	6.95322e-310
8.30253	14.3804	0	6.95322e-310	6.95322e-310
8.92189	14.0046	0	6.95322e-310	6.95322e-310
9.52427	13.6021	0	6.95322e-310	6.95322e-310
10.1085	13.1737	0	6.95322e-310	6.95322e-310
10.6735	12.7202	0	6.95322e-310	6.95322e-310
11.2182	12.2425	0	6.95322e-310	6.95322e-310
11.7415	11.7415	0	6.95322e-310	6.95322e-310
12.2425	11.2182	0	6.95322e-310	6.95322e-310
12.7202	10.6735	0	6.95322e-310	6.95322e-310
13.1737	10.1085	0	6.95322e-310	6.95322e-310
13.6021	9.52427	0	6.95322e-310	6.95322e-310
14.0046	8.92189	0	6.95322e-310	6.95322e-310
14.3804	8.30253	0	6.95322e-310	6.95322e-310
14.7289	7.66736	0	6.95322e-310	6.95322e-310
15.0493	7.0176	0	6.95322e-310	6.95322e-310
15.3411	6.35448	0	6.95322e-310	6.95322e-310
15.6036	5.67926	0	6.95322e-310	6.95322e-310
15.8365	4.99324	0	6.95322e-310	6.95322e-310
16.0393	4.2977	0	6.95322e-310	6.95322e-310
16.2114	3.59399	0	6.95322e-310	6.95322e-310
16.3528	2.88344	0	6.95322e-310	6.95322e-310
16.463	2.16739	0	6.95322e-310	6.95322e-310
16.5419	1.44723	0	6.95322e-310	6.95322e-310
16.5893	0.724302	0	6.95322e-310	6.95322e-310
16.6051	1.01677e-15	0	6.95322e-310	6.95322e-310

0	18.2056	0	6.95322e-310	6.95322e-310
0.794119	18.1883	0	6.95322e-310	6.95322e-310
1.58673	18.1364	0	6.95322e-310	6.95322e-310
2.37631	18.0499	0	6.95322e-310	6.95322e-310
3.16138	17.9291	0	6.95322e-310	6.95322e-310
3.94042	17.7741	0	6.95322e-310	6.95322e-310
4.71197	17.5853	0	6.95322e-310	6.95322e-310
5.47454	17.363	0	6.95322e-310	6.95322e-310
6.2267	17.1077	0	6.95322e-310	6.95322e-310
6.967	16.8198	0	6.95322e-310	6.95322e-310
7.69404	16.4999	0	6.95322e-310	6.95322e-310
8.40643	16.1486	0	6.95322e-310	6.95322e-310
9.10282	15.7665	0	6.95322e-310	6.95322e-310
9.78188	15.3545	0	6.95322e-310	6.95322e-310
10.4423	14.9132	0	6.95322e-310	6.95322e-310
11.0829	14.4435	0	6.95322e-310	6.95322e-310
11.7024	13.9463	0	6.95322e-310	6.95322e-310
12.2996	13.4226	0	6.95322e-310	6.95322e-310
12.8733	12.8733	0	6.95322e-310	6.95322e-310
13.4226	12.2996	0	6.95322e-310	6.95322e-310
13.9463	11.7024	0	6.95322e-310	6.95322e-310
14.4435	11.0829	0	6.95322e-310	6.95322e-310
14.9132	10.4423	0	6.95322e-310	6.95322e-310
15.3545	9.78188	0	6.95322e-310	6.95322e-310
15.7665	9.10282	0	6.95322e-310	6.95322e-310
16.1486	8.40643	0	6.95322e-310	6.95322e-310
16.4999	7.69404	0	6.95322e-310	6.95322e-310
16.8198	6.967	0	6.95322e-310	6.95322e-310
17.1077	6.2267	0	6.95322e-310	6.95322e-310
17.363	5.47454	0	6.95322e-310	6.95322e-310
17.5853	4.71197	0	6.95322e-310	6.95322e-310
17.7741	3.94042	0	6.95322e-310	6.95322e-310
17.9291	3.16138	0	6.95322e-310	6.95322e-310
18.0499	2.37631	0	6.95322e-310	6.95322e-310
18.1364	1.58673	0	6.95322e-310	6.95322e-310
18.1883	0.794119	0	6.95322e-310	6.95322e-310
18.2056	1.11477e-15	0	6.95322e-310	6.95322e-310

0	19.9605	0	6.95322e-310	6.95322e-310
0.870665	19.9415	0	6.95322e-310	6.95322e-310
1.73967	19.8846	0	6.95322e-310	6.95322e-310
2.60537	19.7897	0	6.95322e-310	6.95322e-310
3.46611	19.6573	0	6.95322e-310	6.95322e-310
4.32025	19.4874	0	6.95322e-310	6.95322e-310
5.16616	19.2804	0	6.95322e-310	6.95322e-310
6.00224	19.0367	0	6.95322e-310	6.95322e-310
6.8269	18.7567	0	6.95322e-310	6.95322e-310
7.63856	18.4411	0	6.95322e-310	6.95322e-310
8.43568	18.0904	0	6.95322e-310	6.95322e-310
9.21674	17.7052	0	6.95322e-310	6.95322e-310
9.98026	17.2863	0	6.95322e-310	6.95322e-310
10.7248	16.8345	0	6.95322e-310	6.95322e-310
11.4489	16.3507	0	6.95322e-310	6.95322e-310
12.1512	15.8357	0	6.95322e-310	6.95322e-310
12.8304	15.2906	0	6.95322e-310	6.95322e-310
13.4851	14.7164	0	6.95322e-310	6.95322e-310
14.1142	14.1142	0	6.95322e-310	6.95322e-310
14.7164	13.4851	0	6.95322e-310	6.95322e-310
15.2906	12.8304	0	6.95322e-310	6.95322e-310
15.8357	12.1512	0	6.95322e-310	6.95322e-310
16.3507	11.4489	0	6.95322e-310	6.95322e-310
16.8345	10.7248	0	6.95322e-310	6.95322e-310
17.2863	9.98026	0	6.95322e-310	6.95322e-310
17.7052	9.21674	0	6.95322e-310	6.95322e-310
18.0904	8.43568	0	6.95322e-310	6.95322e-310
18.4411	7.63856	0	6.95322e-310	6.95322e-310
18.7567	6.8269	0	6.95322e-310	6.95322e-310
19.0367	6.00224	0	6.95322e-310	6.95322e-310
19.2804	5.16616	0	6.95322e-310	6.95322e-310
19.4874	4.32025	0	6.95322e-310	6.95322e-310
19.6573	3.46611	0	6.95322e-310	6.95322e-310
19.7897	2.60537	0	6.95322e-310	6.95322e-310
19.8846	1.73967	0	6.95322e-310	6.95322e-310
19.9415	0.870665	0	6.95322e-310	6.95322e-310
19.9605	1.22223e-15	0	6.95322e-310	6.95322e-310

0	21.8845	0	6.95322e-310	6.95322e-310
0.95459	21.8637	0	6.95322e-310	6.95322e-310
1.90736	21.8013	0	6.95322e-310	6.95322e-310
2.85651	21.6973	0	6.95322e-310	6.95322e-310
3.80021	21.5521	0	6.95322e-310	6.95322e-310
4.73668	21.3658	0	6.95322e-310	6.95322e-310
5.66413	21.1388	0	6.95322e-310	6.95322e-310
6.58081	20.8717	0	6.95322e-310	6.95322e-310
7.48495	20.5647	0	6.95322e-310	6.95322e-310
8.37485	20.2187	0	6.95322e-310	6.95322e-310
9.2488	19.8341	0	6.95322e-310	6.95322e-310
10.1052	19.4118	0	6.95322e-310	6.95322e-310
10.9423	18.9526	0	6.95322e-310	6.95322e-310
11.7586	18.4572	0	6.95322e-310	6.95322e-310
12.5525	17.9268	0	6.95322e-310	6.95322e-310
13.3225	17.3622	0	6.95322e-310	6.95322e-310
14.0671	16.7645	0	6.95322e-310	6.95322e-310
14.785	16.135	0	6.95322e-310	6.95322e-310
15.4747	15.4747	0	6.95322e-310	6.95322e-310
16.135	14.785	0	6.95322e-310	6.95322e-310
16.7645	14.0671	0	6.95322e-310	6.95322e-310
17.3622	13.3225	0	6.95322e-310	6.95322e-310
17.9268	12.5525	0	6.95322e-310	6.95322e-310
18.4572	11.7586	0	6.95322e-310	6.95322e-310
18.9526	10.9423	0	6.95322e-310	6.95322e-310
19.4118	10.1052	0	6.95322e-310	6.95322e-310
19.8341	9.2488	0	6.95322e-310	6.95322e-310
20.2187	8.37485	0	6.95322e-310	6.95322e-310
20.5647	7.48495	0	6.95322e-310	6.95322e-310
20.8717	6.58081	0	6.95322e-310	6.95322e-310
21.1388	5.66413	0	6.95322e-310	6.95322e-310
21.3658	4.73668	0	6.95322e-310	6.95322e-310
21.5521	3.80021	0	6.95322e-310	6.95322e-310
21.6973	2.85651	0	6.95322e-310	6.95322e-310
21.8013	1.90736	0	6.95322e-310	6.95322e-310
21.8637	0.95459	0	6.95322e-310	6.95322e-310
21.8845	1.34004e-15	0	6.95322e-310	6.95322e-310

0	23.994	0	6.95322e-310	6.95322e-310
1.0466	23.9712	0	6.95322e-310	6.95322e-310
2.09122	23.9027	0	6.95322e-310	6.95322e-310
3.13185	23.7887	0	6.95322e-310	6.95322e-310
4.16652	23.6295	0	6.95322e-310	6.95322e-310
5.19326	23.4253	0	6.95322e-310	6.95322e-310
6.21011	23.1764	0	6.95322e-310	6.95322e-310
7.21514	22.8835	0	6.95322e-310	6.95322e-310
8.20644	22.547	0	6.95322e-310	6.95322e-310
9.18211	22.1676	0	6.95322e-310	6.95322e-310
10.1403	21.746	0	6.95322e-310	6.95322e-310
11.0792	21.283	0	6.95322e-310	6.95322e-310
11.997	20.7794	0	6.95322e-310	6.95322e-310
12.892	20.2364	0	6.95322e-310	6.95322e-310
13.7624	19.6547	0	6.95322e-310	6.95322e-310
14.6066	19.0357	0	6.95322e-310	6.95322e-310
15.4231	18.3805	0	6.95322e-310	6.95322e-310
16.2101	17.6902	0	6.95322e-310	6.95322e-310
16.9663	16.9663	0	6.95322e-310	6.95322e-310
17.6902	16.2101	0	6.95322e-310	6.95322e-310
18.3805	15.4231	0	6.95322e-310	6.95322e-310
19.0357	14.6066	0	6.95322e-310	6.95322e-310
19.6547	13.7624	0	6.95322e-310	6.95322e-310
20.2364	12.892	0	6.95322e-310	6.95322e-310
20.7794	11.997	0	6.95322e-310	6.95322e-310
21.283	11.0792	0	6.95322e-310	6.95322e-310
21.746	10.1403	0	6.95322e-310	6.95322e-310
22.1676	9.18211	0	0	5.80723
22.547	8.20644	0	0	5.80723
22.8835	7.21514	0	0	5.80723
23.1764	6.21011	0	0	5.80723
23.4253	5.19326	0	0	5.80723
23.6295	4.16652	2.13864e-24	1.65324e-28	5.80723
23.7887	3.13185	2.35562e-22	8.72887e-26	5.80723
23.9027	2.09122	8.88259e-22	5.12315e-25	5.80723
23.9712	1.0466	1.58257e-21	1.10655e-24	5.80723
23.994	1.46921e-15	1.87459e-21	1.38684e-24	5.80723

0	26.3068	0	1.38684e-24	5.80723
1.14749	26.2818	0	1.38684e-24	5.80723
2.29279	26.2067	0	1.38684e-24	5.80723
3.43373	26.0818	0	1.38684e-24	5.80723
4.56813	25.9072	0	1.38684e-24	5.80723
5.69384	25.6833	0	1.38684e-24	5.80723
6.80871	25.4105	0	1.38684e-24	5.80723
7.91062	25.0893	0	1.38684e-24	5.80723
8.99747	24.7203	0	1.38684e-24	5.80723
10.0672	24.3044	0	1.38684e-24	5.80723
11.1178	23.8421	0	1.38684e-24	5.80723
12.1471	23.3345	0	1.38684e-24	5.80723
13.1534	22.7824	0	1.38684e-24	5.80723
14.1347	22.187	0	1.38684e-24	5.80723
15.089	21.5493	0	1.38684e-24	5.80723
16.0146	20.8706	0	1.38684e-24	5.80723
16.9097	20.1522	0	1.38684e-24	5.80723
17.7726	19.3954	0	1.38684e-24	5.80723
18.6017	18.6017	0	1.38684e-24	5.80723
19.3954	17.7726	0	1.38684e-24	5.80723
20.1522	16.9097	0	1.38684e-24	5.80723
20.8706	16.0146	0	1.38684e-24	5.80723
21.5493	15.089	0	1.38684e-24	5.80723
22.187	14.1347	0	0	5.80723
22.7824	13.1534	0	0	5.80723
23.3345	12.1471	0	0	5.80723
23.8421	11.1178	0	0	5.80723
24.3044	10.0672	0	0	5.80723
24.7203	8.99747	0	0	5.80723
25.0893	7.91062	0	0	5.80723
25.4105	6.80871	0	0	5.80723
25.6833	5.69384	1.29102e-22	3.91497e-26	5.80723
25.9072	4.56813	1.12116e-21	6.98838e-25	5.80723
26.0818	3.43373	3.01825e-21	2.61712e-24	5.80723
26.2067	2.29279	5.18572e-21	5.38555e-24	5.80723
26.2818	1.14749	6.86503e-21	7.82842e-24	5.80723
26.3068	1.61083e-15	7.49294e-21	8.7974e-24	5.80723

0	28.8426	0	8.7974e-24	5.80723
1.2581	28.8151	0	8.7974e-24	5.80723
2.5138	28.7328	0	8.7974e-24	5.80723
3.76471	28.5958	0	8.7974e-24	5.80723
5.00846	28.4044	0	8.7974e-24	5.80723
6.24268	28.1589	0	8.7974e-24	5.80723
7.46501	27.8598	0	8.7974e-24	5.80723
8.67314	27.5077	0	8.7974e-24	5.80723
9.86475	27.1032	0	8.7974e-24	5.80723
11.0376	26.6471	0	8.7974e-24	5.80723
12.1894	26.1403	0	8.7974e-24	5.80723
13.318	25.5837	0	8.7974e-24	5.80723
14.4213	24.9784	0	8.7974e-24	5.80723
15.4971	24.3256	0	8.7974e-24	5.80723
16.5434	23.6265	0	8.7974e-24	5.80723
17.5583	22.8824	0	8.7974e-24	5.80723
18.5397	22.0947	0	8.7974e-24	5.80723
19.4858	21.265	0	8.7974e-24	5.80723
20.3948	20.3948	0	8.7974e-24	5.80723
21.265	19.4858	0	8.7974e-24	5.80723
22.0947	18.5397	0	0	5.80723
22.8824	17.5583	0	0	5.80723
23.6265	16.5434	0	0	5.80723
24.3256	15.4971	0	0	5.80723
24.9784	14.4213	0	0	5.80723
25.5837	13.318	0	0	5.80723
26.1403	12.1894	0	0	5.80723
26.6471	11.0376	0	0	5.80723
27.1032	9.86475	0	0	5.80723
27.5077	8.67314	0	0	5.80723
27.8598	7.46501	8.92056e-23	2.39152e-26	5.80723
28.1589	6.24268	1.01035e-21	6.08292e-25	5.80723
28.4044	5.00846	3.03005e-21	2.63078e-24	5.80723
28.5958	3.76471	5.68698e-21	6.0906e-24	5.80723
28.7328	2.5138	8.27412e-21	1.00411e-23	5.80723
28.8151	1.2581	1.01296e-20	1.31504e-23	5.80723
28.8426	1.7661e-15	1.08011e-20	1.43255e-23	5.80723

0	31.6228	0	1.43255e-23	5.80723
1.37937	31.5927	0	1.43255e-23	5.80723
2.75611	31.5024	0	1.43255e-23	5.80723
4.1276	31.3522	0	1.43255e-23	5.80723
5.49124	31.1424	0	1.43255e-23	5.80723
6.84442	30.8732	0	1.43255e-23	5.80723
8.18458	30.5453	0	1.43255e-23	5.80723
9.50915	30.1592	0	1.43255e-23	5.80723
10.8156	29.7157	0	1.43255e-23	5.80723
12.1015	29.2156	0	1.43255e-23	5.80723
13.3644	28.66	0	1.43255e-23	5.80723
14.6018	28.0497	0	1.43255e-23	5.80723
15.8114	27.3861	0	1.43255e-23	5.80723
16.9909	26.6704	0	1.43255e-23	5.80723
18.1381	25.9039	0	1.43255e-23	5.80723
19.2507	25.088	0	1.43255e-23	5.80723
20.3267	24.2245	0	1.43255e-23	5.80723
21.364	23.3148	0	1.43255e-23	5.80723
22.3607	22.3607	0	0	5.80723
23.3148	21.364	0	0	5.80723
24.2245	20.3267	0	0	5.80723
25.088	19.2507	0	0	5.80723
25.9039	18.1381	0	0	5.80723
26.6704	16.9909	0	0	5.80723
27.3861	15.8114	0	0	5.80723
28.0497	14.6018	0	0	5.80723
28.66	13.3644	0	0	5.80723
29.2156	12.1015	0	0	5.80723
29.7157	10.8156	0	0	5.80723
30.1592	9.50915	3.57063e-25	1.51988e-29	5.8159
30.5453	8.18458	2.63017e-22	1.01111e-25	5.84794
30.8732	6.84442	1.37763e-21	9.19735e-25	5.87503
31.1424	5.49124	3.3224e-21	2.97454e-24	5.89717
31.3522	4.1276	5.67051e-21	6.0671e-24	5.91439
31.5024	2.75611	7.86858e-21	9.3903e-24	5.92668
31.5927	1.37937	9.41525e-21	1.19287e-23	5.93405
31.6228	1.93634e-15	9.97063e-21	1.2876e-23	5.93651

0	34.6709	0	1.2876e-23	5.93651
1.51233	34.6379	0	1.2876e-23	5.93651
3.02177	34.539	0	1.2876e-23	5.93651
4.52547	34.3743	0	1.2876e-23	5.93651
6.02055	34.1442	0	1.2876e-23	5.93651
7.50417	33.8491	0	1.2876e-23	5.93651
8.9735	33.4896	0	1.2876e-23	5.93651
10.4258	33.0663	0	1.2876e-23	5.93651
11.8582	32.58	0	1.2876e-23	5.93651
13.268	32.0318	0	1.2876e-23	5.93651
14.6526	31.4225	0	1.2876e-23	5.93651
16.0093	30.7535	0	1.2876e-23	5.93651
17.3355	30.0259	0	1.2876e-23	5.93651
18.6287	29.2412	0	1.2876e-23	5.93651
19.8864	28.4008	0	1.2876e-23	5.93651
21.1063	27.5063	0	1.2876e-23	5.93651
22.2861	26.5595	0	0	5.80723
23.4234	25.5621	0	0	5.80723
24.5161	24.5161	0	0	5.80723
25.5621	23.4234	0	0	5.80723
26.5595	22.2861	0	0	5.80723
27.5063	21.1063	0	0	5.80723
28.4008	19.8864	0	0	5.80723
29.2412	18.6287	0	0	5.80723
30.0259	17.3355	0	0	5.80723
30.7535	16.0093	0	0	5.85765
31.4225	14.6526	0	0	5.91254
32.0318	13.268	0	0	5.96212
32.58	11.8582	0	0	6.0064
33.0663	10.4258	6.60581e-24	7.4368e-28	6.04542
33.4896	8.9735	3.44653e-22	1.44987e-25	6.0792
33.8491	7.50417	1.42976e-21	9.66424e-25	6.10776
34.1442	6.02055	3.16773e-21	2.79135e-24	6.1311
34.3743	4.52547	5.18721e-21	5.38761e-24	6.14924
34.539	3.02177	7.04007e-21	8.09569e-24	6.1622
34.6379	1.51233	8.32996e-21	1.01315e-23	6.16996
34.6709	2.12298e-15	8.79095e-21	1.08859e-23	6.17255

0	38.0129	0	1.08859e-23	6.17255
1.6581	37.9767	0	1.08859e-23	6.17255
3.31305	37.8683	0	1.08859e-23	6.17255
4.96168	37.6877	0	1.08859e-23	6.17255
6.60088	37.4354	0	1.08859e-23	6.17255
8.2275	37.1119	0	1.08859e-23	6.17255
9.83847	36.7177	0	1.08859e-23	6.17255
11.4307	36.2536	0	1.08859e-23	6.17255
13.0012	35.7205	0	1.08859e-23	6.17255
14.5469	35.1194	0	1.08859e-23	6.17255
16.065	34.4514	0	1.08859e-23	6.17255
17.5524	33.7179	0	1.08859e-23	6.17255
19.0065	32.9202	0	1.08859e-23	6.17255
20.4243	32.0598	0	1.08859e-23	6.17255
21.8033	31.1384	0	1.08859e-23	6.17255
23.1408	30.1577	0	0	5.80723
24.4342	29.1196	0	0	5.80723
25.6812	28.0261	0	0	5.80723
26.8792	26.8792	0	0	5.80723
28.0261	25.6812	0	0	5.80723
29.1196	24.4342	0	0	5.80723
30.1577	23.1408	0	0	5.80723
31.1384	21.8033	0	0	5.88244
32.0598	20.4243	0	0	5.95742
32.9202	19.0065	0	0	6.02665
33.7179	17.5524	0	0	6.09017
34.4514	16.065	0	0	6.14804
35.1194	14.5469	0	0	6.20029
35.7205	13.0012	0	0	6.24696
36.2536	11.4307	2.28057e-23	3.88039e-27	6.28807
36.7177	9.83847	4.16593e-22	1.86681e-25	6.32366
37.1119	8.2275	1.44574e-21	9.80855e-25	6.35373
37.4354	6.60088	2.98255e-21	2.57594e-24	6.37832
37.6877	4.96168	4.71021e-21	4.73739e-24	6.39743
37.8683	3.31305	6.26742e-21	6.93324e-24	6.41107
37.9767	1.6581	7.25482e-21	8.42662e-24	6.41925
38.0129	2.32762e-15	7.77089e-21	9.23519e-24	6.42198

0	41.6771	0	9.23519e-24	6.42198
1.81793	41.6374	0	9.23519e-24	6.42198
3.63239	41.5185	0	9.23519e-24	6.42198
5.43995	41.3205	0	9.23519e-24	6.42198
7.23714	41.0439	0	9.23519e-24	6.42198
9.02057	40.6891	0	9.23519e-24	6.42198
10.7868	40.2569	0	9.23519e-24	6.42198
12.5325	39.7481	0	9.23519e-24	6.42198
14.2544	39.1636	0	9.23519e-24	6.42198
15.9491	38.5046	0	9.23519e-24	6.42198
17.6135	37.7722	0	9.23519e-24	6.42198
19.2443	36.968	0	9.23519e-24	6.42198
20.8385	36.0934	0	9.23519e-24	6.42198
22.3931	35.1501	0	0	5.80723
23.905	34.1398	0	0	5.80723
25.3714	33.0646	0	0	5.80723
26.7895	31.9265	0	0	5.80723
28.1566	30.7275	0	0	5.80723
29.4701	29.4701	0	0	5.80723
30.7275	28.1566	0	0	5.84256
31.9265	26.7895	0	0	5.94033
33.0646	25.3714	0	0	6.03177
34.1398	23.905	0	0	6.11697
35.1501	22.3931	0	0	6.19602
36.0934	20.8385	0	0	6.26898
36.968	19.2443	0	0	6.33591
37.7722	17.6135	0	0	6.39687
38.5046	15.9491	0	0	6.4519
39.1636	14.2544	0	0	6.50104
39.7481	12.5325	4.75958e-23	1.03493e-26	6.54433
40.2569	10.7868	4.7598e-22	2.22982e-25	6.58179
40.6891	9.02057	1.43338e-21	9.69686e-25	6.61345
41.0439	7.23714	2.78159e-21	2.34716e-24	6.63932
41.3205	5.43995	4.25399e-21	4.13567e-24	6.65943
41.5185	3.63239	5.56014e-21	5.91016e-24	6.67379
41.6374	1.81793	6.45291e-21	7.20817e-24	6.6824
41.6771	2.55198e-15	6.76937e-21	7.68332e-24	6.68527

0	45.6944	0	7.68332e-24	6.68527
1.99316	45.6509	0	7.68332e-24	6.68527
3.98253	45.5205	0	7.68332e-24	6.68527
5.96431	45.3034	0	7.68332e-24	6.68527
7.93474	45.0002	0	7.68332e-24	6.68527
9.89007	44.6112	0	7.68332e-24	6.68527
11.8266	44.1374	0	7.68332e-24	6.68527
13.7406	43.5795	0	7.68332e-24	6.68527
15.6284	42.9387	0	7.68332e-24	6.68527
17.4865	42.2161	0	7.68332e-24	6.68527
19.3113	41.4132	0	7.68332e-24	6.68527
21.0993	40.5314	0	7.68332e-24	6.68527
22.8472	39.5725	0	0	5.80723
24.5516	38.5382	0	0	5.80723
26.2092	37.4306	0	0	5.80723
27.817	36.2518	0	0	5.80723
29.3718	35.0039	0	0	5.80723
30.8707	33.6894	0	0	5.84872
32.3108	32.3108	0	0	5.9656
33.6894	30.8707	0	0	6.07552
35.0039	29.3718	0	0	6.17862
36.2518	27.817	0	0	6.275
37.4306	26.2092	0	0	6.36478
38.5382	24.5516	0	0	6.44805
39.5725	22.8472	0	0	6.52488
40.5314	21.0993	0	0	6.59535
41.4132	19.3113	0	0	6.65952
42.2161	17.4865	0	0	6.71743
42.9387	15.6284	0	0	6.76914
43.5795	13.7406	7.78968e-23	1.99608e-26	6.81469
44.1374	11.8266	5.22209e-22	2.52316e-25	6.8541
44.6112	9.89007	1.39802e-21	9.37924e-25	6.8874
45.0002	7.93474	2.57588e-21	2.11861e-24	6.91462
45.3034	5.96431	3.82749e-21	3.59227e-24	6.93577
45.5205	3.98253	4.9219e-21	5.02336e-24	6.95087
45.6509	1.99316	5.66397e-21	6.05777e-24	6.95992
45.6944	2.79797e-15	5.92607e-21	6.43438e-24	6.96294

0	50.0989	0	6.43438e-24	6.96294
2.18528	50.0512	0	6.43438e-24	6.96294
4.36641	49.9083	0	6.43438e-24	6.96294
6.53922	49.6703	0	6.43438e-24	6.96294
8.69959	49.3378	0	6.43438e-24	6.96294
10.8434	48.9114	0	6.43438e-24	6.96294
12.9666	48.3918	0	6.43438e-24	6.96294
15.065	47.7802	0	6.43438e-24	6.96294
17.1348	47.0776	0	6.43438e-24	6.96294
19.172	46.2854	0	6.43438e-24	6.96294
21.1727	45.405	0	6.43438e-24	6.96294
23.1331	44.4383	0	0	5.80723
25.0495	43.3869	0	0	5.80723
26.9181	42.253	0	0	5.80723
28.7356	41.0386	0	0	5.80723
30.4983	39.7461	0	0	5.8131
32.203	38.378	0	0	5.95172
33.8463	36.9368	0	0	6.08256
35.4253	35.4253	0	0	6.20582
36.9368	33.8463	0	0	6.32168
38.378	32.203	0	0	6.4303
39.7461	30.4983	0	0	6.53182
41.0386	28.7356	0	0	6.62635
42.253	26.9181	0	0	6.714
43.3869	25.0495	0	0	6.79485
44.4383	23.1331	0	0	6.869
45.405	21.1727	0	0	6.9365
46.2854	19.172	0	0	6.99742
47.0776	17.1348	4.32862e-25	1.96465e-29	7.0518
47.7802	15.065	1.1065e-22	3.18729e-26	7.09969
48.3918	12.9666	5.55803e-22	2.74186e-25	7.14113
48.9114	10.8434	1.35206e-21	8.97045e-25	7.17615
49.3378	8.69959	2.37329e-21	1.89941e-24	7.20476
49.6703	6.53922	3.43555e-21	3.11038e-24	7.227
49.9083	4.36641	4.35224e-21	4.26352e-24	7.24287
50.0512	2.18528	4.96923e-21	5.08788e-24	7.25239
50.0989	3.06767e-15	5.18642e-21	5.38652e-24	7.25556

0	54.928	0	5.38652e-24	7.25556
2.39593	54.8757	0	5.38652e-24	7.25556
4.78729	54.719	0	5.38652e-24	7.25556
7.16955	54.4581	0	5.38652e-24	7.25556
9.53815	54.0935	0	5.38652e-24	7.25556
11.8886	53.626	0	5.38652e-24	7.25556
14.2164	53.0564	0	5.38652e-24	7.25556
16.5172	52.3858	0	5.38652e-24	7.25556
18.7865	51.6155	0	5.38652e-24	7.25556
21.02	50.7469	0	5.38652e-24	7.25556
23.2136	49.7817	0	0	5.80723
25.3629	48.7218	0	0	5.80723
27.464	47.5691	0	0	5.80723
29.5128	46.3258	0	0	5.80723
31.5054	44.9944	0	0	5.8907
33.4381	43.5773	0	0	6.04547
35.3071	42.0773	0	0	6.19168
37.1088	40.4972	0	0	6.32961
38.84	38.84	0	0	6.45948
40.4972	37.1088	0	0	6.58151
42.0773	35.3071	0	0	6.69587
43.5773	33.4381	0	0	6.80272
44.9944	31.5054	0	0	6.90218
46.3258	29.5128	0	0	6.99439
47.5691	27.464	0	0	7.07943
48.7218	25.3629	0	0	7.1574
49.7817	23.2136	0	0	7.22838
50.7469	21.02	0	0	7.29242
51.6155	18.7865	3.89727e-24	3.67987e-28	7.34959
52.3858	16.5172	1.43439e-22	4.50513e-26	7.39992
53.0564	14.2164	5.78379e-22	2.89136e-25	7.44347
53.626	11.8886	1.29476e-21	8.46717e-25	7.48027
54.0935	9.53815	2.17913e-21	1.6951e-24	7.51034
54.4581	7.16955	3.08004e-21	2.68881e-24	7.53371
54.719	4.78729	3.84809e-21	3.61808e-24	7.55039
54.8757	2.39593	4.3615e-21	4.27562e-24	7.56039
54.928	3.36337e-15	4.54166e-21	4.51272e-24	7.56372

0	60.2226	0	4.51272e-24	7.56372
2.62687	60.1653	0	4.51272e-24	7.56372
5.24875	59.9935	0	4.51272e-24	7.56372
7.86063	59.7074	0	4.51272e-24	7.56372
10.4575	59.3077	0	4.51272e-24	7.56372
13.0346	58.7951	0	4.51272e-24	7.56372
15.5868	58.1706	0	4.51272e-24	7.56372
18.1093	57.4353	0	4.51272e-24	7.56372
20.5974	56.5908	0	4.51272e-24	7.56372
23.0462	55.6384	0	0	5.80723
25.4512	54.5802	0	0	5.80723
27.8077	53.4181	0	0	5.80723
30.1113	52.1543	0	0	5.80723
32.3576	50.7912	0	0	5.95511
34.5423	49.3315	0	0	6.12778
36.6612	47.7778	0	0	6.29098
38.7104	46.1332	0	0	6.44507
40.6858	44.4008	0	0	6.59035
42.5838	42.5838	0	0	6.72709
44.4008	40.6858	0	0	6.85553
46.1332	38.7104	0	0	6.97585
47.7778	36.6612	0	0	7.08824
49.3315	34.5423	0	0	7.19284
50.7912	32.3576	0	0	7.28979
52.1543	30.1113	0	0	7.37919
53.4181	27.8077	0	0	7.46115
54.5802	25.4512	0	0	7.53574
55.6384	23.0462	0	0	7.60303
56.5908	20.5974	1.17437e-23	1.60162e-27	7.6631
57.4353	18.1093	1.74594e-22	5.85494e-26	7.71598
58.1706	15.5868	5.91617e-22	2.97993e-25	7.76174
58.7951	13.0346	1.23225e-21	7.92654e-25	7.80039
59.3077	10.4575	1.99671e-21	1.50859e-24	7.83198
59.7074	7.86063	2.76075e-21	2.32374e-24	7.85652
59.9935	5.24875	3.40481e-21	3.07332e-24	7.87404
60.1653	2.62687	3.83258e-21	3.59864e-24	7.88455
60.2226	3.68757e-15	3.98224e-21	3.78723e-24	7.88805

0	66.0276	0	3.78723e-24	7.88805
2.88008	65.9647	0	3.78723e-24	7.88805
5.75468	65.7763	0	3.78723e-24	7.88805
8.61833	65.4627	0	3.78723e-24	7.88805
11.4656	65.0245	0	3.78723e-24	7.88805
14.291	64.4625	0	3.78723e-24	7.88805
17.0892	63.7777	0	3.78723e-24	7.88805
19.8549	62.9716	0	3.78723e-24	7.88805
22.5828	62.0456	0	0	5.80723
25.2677	61.0015	0	0	5.80723
27.9045	59.8413	0	0	5.80723
30.4881	58.5672	0	0	5.80723
33.0138	57.1816	0	0	6.00351
35.4766	55.6871	0	0	6.19612
37.8719	54.0866	0	0	6.37817
40.195	52.3832	0	0	6.55012
42.4417	50.5801	0	0	6.71238
44.6076	48.6806	0	0	6.8653
46.6885	46.6885	0	0	7.00918
48.6806	44.6076	0	0	7.14427
50.5801	42.4417	0	0	7.2708
52.3832	40.195	0	0	7.38896
54.0866	37.8719	0	0	7.49891
55.6871	35.4766	0	0	7.6008
57.1816	33.0138	0	0	7.69474
58.5672	30.4881	0	0	7.78085
59.8413	27.9045	0	0	7.8592
61.0015	25.2677	0	0	7.92989
62.0456	22.5828	2.37062e-23	4.08601e-27	7.99298
62.9716	19.8549	2.03127e-22	7.16431e-26	8.04853
63.7777	17.0892	5.97284e-22	3.01805e-25	8.09657
64.4625	14.291	1.16765e-21	7.37741e-25	8.13717
65.0245	11.4656	1.82782e-21	1.3409e-24	8.17034
65.4627	8.61833	2.47615e-21	2.00996e-24	8.19611
65.7763	5.75468	3.01695e-21	2.61562e-24	8.2145
65.9647	2.88008	3.37395e-21	3.03624e-24	8.22553
66.0276	4.04302e-15	3.49851e-21	3.18661e-24	8.22921

0	72.3921	0	3.18661e-24	8.22921
3.1577	72.3232	0	3.18661e-24	8.22921
6.30938	72.1166	0	3.18661e-24	8.22921
9.44906	71.7727	0	3.18661e-24	8.22921
12.5708	71.2923	0	3.18661e-24	8.22921
15.6685	70.6761	0	3.18661e-24	8.22921
18.7364	69.9254	0	3.18661e-24	8.22921
21.7687	69.0415	0	3.18661e-24	8.22921
24.7595	68.0263	0	0	5.80723
27.7032	66.8816	0	0	5.80723
30.5942	65.6095	0	0	5.80723
33.4269	64.2126	0	0	6.03261
36.196	62.6934	0	0	6.24754
38.8962	61.0549	0	0	6.45057
41.5224	59.3001	0	0	6.64234
44.0695	57.4325	0	0	6.82337
46.5327	55.4555	0	0	6.99413
48.9074	53.373	0	0	7.15499
51.1889	51.1889	0	0	7.3063
53.373	48.9074	0	0	7.44833
55.4555	46.5327	0	0	7.58133
57.4325	44.0695	0	0	7.7055
59.3001	41.5224	0	0	7.82102
61.0549	38.8962	0	0	7.92805
62.6934	36.196	0	0	8.02673
64.2126	33.4269	0	0	8.11716
65.6095	30.5942	0	0	8.19945
66.8816	27.7032	9.55081e-27	1.21583e-31	8.27368
68.0263	24.7595	3.88878e-23	7.90502e-27	8.33992
69.0415	21.7687	2.28521e-22	8.38272e-26	8.39823
69.9254	18.7364	5.97024e-22	3.01629e-25	8.44868
70.6761	15.6685	1.10325e-21	6.83987e-25	8.49129
71.2923	12.5708	1.67321e-21	1.19184e-24	8.52611
71.7727	9.44906	2.22393e-21	1.74172e-24	8.55316
72.1166	6.30938	2.67879e-21	2.23221e-24	8.57247
72.3232	3.1577	2.97734e-21	2.56994e-24	8.58405
72.3921	4.43274e-15	3.08123e-21	2.69019e-24	8.58791

0	79.3701	0	2.69019e-24	8.58791
3.46207	79.2945	0	2.69019e-24	8.58791
6.91756	79.068	0	2.69019e-24	8.58791
10.3599	78.691	0	2.69019e-24	8.58791
13.7825	78.1642	0	2.69019e-24	8.58791
17.1788	77.4887	0	2.69019e-24	8.58791
20.5425	76.6656	0	2.69019e-24	8.58791
23.867	75.6966	0	0	5.80723
27.1462	74.5835	0	0	5.80723
30.3736	73.3284	0	0	5.80723
33.5432	71.9337	0	0	6.03848
36.649	70.4021	0	0	6.27856
39.685	68.7365	0	0	6.50511
42.6455	66.94	0	0	6.71896
45.5248	65.0161	0	0	6.92082
48.3174	62.9685	0	0	7.1113
51.0181	60.801	0	0	7.29089
53.6216	58.5177	0	0	7.46003
56.1231	56.1231	0	0	7.61907
58.5177	53.6216	0	0	7.76832
60.801	51.0181	0	0	7.90805
62.9685	48.3174	0	0	8.03849
65.0161	45.5248	0	0	8.15982
66.94	42.6455	0	0	8.27223
68.7365	39.685	0	0	8.37584
70.4021	36.649	0	0	8.47078
71.9337	33.5432	0	0	8.55717
73.3284	30.3736	8.58531e-25	4.89582e-29	8.63509
74.5835	27.1462	5.6257e-23	1.29336e-26	8.70462
75.6966	23.867	2.50637e-22	9.48155e-26	8.76583
76.6656	20.5425	5.92277e-22	2.98436e-25	8.81878
77.4887	17.1788	1.04062e-21	6.32711e-25	8.8635
78.1642	13.7825	1.53286e-21	1.06045e-24	8.90004
78.691	10.3599	2.00134e-21	1.51326e-24	8.92843
79.068	6.91756	2.3847e-21	1.91159e-24	8.9487
79.2945	3.46207	2.63495e-21	2.18364e-24	8.96085
79.3701	4.86001e-15	2.72181e-21	2.28014e-24	8.9649

0	87.0207	0	2.28014e-24	8.9649
3.79579	86.9378	0	2.28014e-24	8.9649
7.58435	86.6895	0	2.28014e-24	8.9649
11.3585	86.2762	0	2.28014e-24	8.9649
15.111	85.6986	0	2.28014e-24	8.9649
18.8347	84.9579	0	2.28014e-24	8.9649
22.5226	84.0555	0	0	5.80723
26.1676	82.9931	0	0	5.80723
29.7628	81.7727	0	0	5.80723
33.3014	80.3966	0	0	6.01642
36.7765	78.8675	0	0	6.28507
40.1817	77.1883	0	0	6.53813
43.5103	75.3621	0	0	6.77672
46.7562	73.3925	0	0	7.00181
49.913	71.2831	0	0	7.21418
52.9748	69.0381	0	0	7.41448
55.9358	66.6617	0	0	7.60327
58.7903	64.1584	0	0	7.78102
61.5329	61.5329	0	0	7.94812
64.1584	58.7903	0	0	8.1049
66.6617	55.9358	0	0	8.25166
69.0381	52.9748	0	0	8.38863
71.2831	49.913	0	0	8.51602
73.3925	46.7562	0	0	8.63403
75.3621	43.5103	0	0	8.74279
77.1883	40.1817	0	0	8.84245
78.8675	36.7765	0	0	8.93311
80.3966	33.3014	4.09101e-24	3.92577e-28	9.01489
81.7727	29.7628	7.48672e-23	1.89324e-26	9.08785
82.9931	26.1676	2.69561e-22	1.04478e-25	9.15208
84.0555	22.5226	5.84258e-22	2.93061e-25	9.20764
84.9579	18.8347	9.80815e-22	5.84702e-25	9.25457
85.6986	15.111	1.40628e-21	9.45323e-25	9.29291
86.2762	11.3585	1.80552e-21	1.31913e-24	9.3227
86.6895	7.58435	2.12934e-21	1.64366e-24	9.34396
86.9378	3.79579	2.33964e-21	1.86359e-24	9.35671
87.0207	5.32848e-15	2.41246e-21	1.94133e-24	9.36095

0	95.4087	0	1.94133e-24	9.36095
4.16167	95.3179	0	1.94133e-24	9.36095
8.31542	95.0456	0	1.94133e-24	9.36095
12.4533	94.5925	0	1.94133e-24	9.36095
16.5675	93.9592	0	1.94133e-24	9.36095
20.6502	93.1471	0	1.94133e-24	9.36095
24.6936	92.1577	0	0	5.80723
28.69	90.9929	0	0	5.80723
32.6317	89.6549	0	0	5.96066
36.5113	88.1461	0	0	6.26209
40.3215	86.4697	0	0	6.54528
44.0548	84.6286	0	0	6.8118
47.7044	82.6264	0	0	7.06292
51.2631	80.4669	0	0	7.29969
54.7242	78.1542	0	0	7.52299
58.0811	75.6928	0	0	7.73352
61.3275	73.0873	0	0	7.9319
64.4572	70.3427	0	0	8.11863
67.4641	67.4641	0	0	8.29413
70.3427	64.4572	0	0	8.45877
73.0873	61.3275	0	0	8.61285
75.6928	58.0811	0	0	8.75664
78.1542	54.7242	0	0	8.89036
80.4669	51.2631	0	0	9.01421
82.6264	47.7044	0	0	9.12835
84.6286	44.0548	0	0	9.23292
86.4697	40.3215	0	0	9.32806
88.1461	36.5113	1.02638e-23	1.33833e-27	9.41386
89.6549	32.6317	9.3943e-23	2.56234e-26	9.49041
90.9929	28.69	2.85517e-22	1.12805e-25	9.5578
92.1577	24.6936	5.73964e-22	2.86196e-25	9.61608
93.1471	20.6502	9.24487e-22	5.40363e-25	9.66531
93.9592	16.5675	1.29266e-21	8.44882e-25	9.70553
94.5925	12.4533	1.63359e-21	1.15436e-24	9.73677
95.0456	8.31542	1.90782e-21	1.41972e-24	9.75908
95.3179	4.16167	2.08504e-21	1.59822e-24	9.77245
95.4087	5.8421e-15	2.14626e-21	1.66109e-24	9.77691

0	104.605	0	1.66109e-24	9.77691
4.56282	104.506	0	1.66109e-24	9.77691
9.11695	104.207	0	1.66109e-24	9.77691
13.6537	103.71	0	1.66109e-24	9.77691
18.1645	103.016	0	1.66109e-24	9.77691
22.6407	102.126	0	0	5.80723
27.0738	101.041	0	0	5.80723
31.4554	99.7638	0	0	5.86402
35.7771	98.2968	0	0	6.20353
40.0307	96.6427	0	0	6.52134
44.2081	94.8046	0	0	6.81962
48.3013	92.786	0	0	7.10012
52.3026	90.5908	0	0	7.36427
56.2044	88.2232	0	0	7.61321
59.9991	85.6876	0	0	7.84789
63.6797	82.989	0	0	8.06909
67.239	80.1323	0	0	8.27746
70.6703	77.1231	0	0	8.47355
73.9671	73.9671	0	0	8.65782
77.1231	70.6703	0	0	8.83065
80.1323	67.239	0	0	8.99238
82.989	63.6797	0	0	9.14328
85.6876	59.9991	0	0	9.28361
88.2232	56.2044	0	0	9.41356
90.5908	52.3026	0	0	9.53332
92.786	48.3013	0	0	9.64303
94.8046	44.2081	6.63726e-27	7.48405e-32	9.74283
96.6427	40.0307	1.91537e-23	3.07482e-27	9.83284
98.2968	35.7771	1.12893e-22	3.27371e-26	9.91314
99.7638	31.4554	2.98802e-22	1.19857e-25	9.98382
101.041	27.0738	5.62186e-22	2.78393e-25	10.0449
102.126	22.6407	8.71974e-22	4.99831e-25	10.0966
103.016	18.1645	1.19104e-21	7.57504e-25	10.1388
103.71	13.6537	1.48283e-21	1.01455e-24	10.1715
104.207	9.11695	1.7157e-21	1.23236e-24	10.1949
104.506	4.56282	1.86547e-21	1.37785e-24	10.209
104.605	6.40523e-15	1.91709e-21	1.42892e-24	10.2136

0	114.688	0	1.42892e-24	10.2136
5.00264	114.579	0	1.42892e-24	10.2136
9.99575	114.252	0	1.42892e-24	10.2136
14.9698	113.707	0	1.42892e-24	10.2136
19.9154	112.946	0	1.42892e-24	10.2136
24.8231	111.97	0	0	5.80723
29.6835	110.78	0	0	5.80723
34.4875	109.38	0	0	6.10178
39.2257	107.772	0	0	6.45987
43.8893	105.958	0	0	6.79467
48.4694	103.943	0	0	7.10862
52.9572	101.73	0	0	7.40368
57.3442	99.323	0	0	7.68138
61.622	96.7272	0	0	7.943
65.7825	93.9472	0	0	8.18954
69.8178	90.9884	0	0	8.42186
73.7203	87.8564	0	0	8.64066
77.4823	84.5571	0	0	8.84652
81.0969	81.0969	0	0	9.03994
84.5571	77.4823	0	0	9.22132
87.8564	73.7203	0	0	9.39104
90.9884	69.8178	0	0	9.54937
93.9472	65.7825	0	0	9.69659
96.7272	61.622	0	0	9.83292
99.323	57.3442	0	0	9.95854
101.73	52.9572	0	0	10.0736
103.943	48.4694	6.39079e-25	3.30287e-29	10.1783
105.958	43.8893	3.04265e-23	5.69928e-27	10.2727
107.772	39.2257	1.31292e-22	4.00378e-26	10.3569
109.38	34.4875	3.09734e-22	1.25739e-25	10.431
110.78	29.6835	5.49545e-22	2.70078e-25	10.4951
111.97	24.8231	8.23403e-22	4.63057e-25	10.5493
112.946	19.9154	1.10037e-21	6.81614e-25	10.5935
113.707	14.9698	1.35011e-21	8.95317e-25	10.6279
114.252	9.99575	1.54903e-21	1.07538e-24	10.6524
114.579	5.00264	1.67599e-21	1.19448e-24	10.6671
114.688	7.02264e-15	1.71966e-21	1.23616e-24	10.672

0	125.743	0	1.23616e-24	10.672
5.48485	125.624	0	1.23616e-24	10.672
10.9593	125.265	0	1.23616e-24	10.672
16.4128	124.668	0	1.23616e-24	10.672
21.8351	123.833	0	1.23616e-24	10.672
27.2158	122.763	0	0	5.80723
32.5448	121.459	0	0	5.94707
37.8118	119.924	0	0	6.35282
43.0068	118.16	0	0	6.73017
48.1199	116.172	0	0	7.08262
53.1414	113.962	0	0	7.41288
58.0618	111.536	0	0	7.72308
62.8717	108.897	0	0	8.01491
67.5618	106.051	0	0	8.28974
72.1234	103.003	0	0	8.54866
76.5477	99.7589	0	0	8.79258
80.8263	96.325	0	0	9.02226
84.951	92.7077	0	0	9.23832
88.914	88.914	0	0	9.44128
92.7077	84.951	0	0	9.6316
96.325	80.8263	0	0	9.80965
99.7589	76.5477	0	0	9.97575
103.003	72.1234	0	0	10.1302
106.051	67.5618	0	0	10.2732
108.897	62.8717	0	0	10.4049
111.536	58.0618	0	0	10.5256
113.962	53.1414	3.12876e-24	2.74566e-28	10.6354
116.172	48.1199	4.3518e-23	9.18425e-27	10.7344
118.16	43.0068	1.48855e-22	4.73338e-26	10.8227
119.924	37.8118	3.18635e-22	1.3058e-25	10.9004
121.459	32.5448	5.36514e-22	2.61573e-25	10.9676
122.763	27.2158	7.78753e-22	4.29883e-25	11.0244
123.833	21.8351	1.01963e-21	6.15757e-25	11.0708
124.668	16.4128	1.23499e-21	7.95001e-25	11.1068
125.265	10.9593	1.40442e-21	9.43659e-25	11.1325
125.624	5.48485	1.5123e-21	1.04153e-24	11.1479
125.743	7.69956e-15	1.54936e-21	1.07569e-24	11.1531

0	137.864	0	1.07569e-24	11.1531
6.01354	137.733	0	1.07569e-24	11.1531
12.0156	137.339	0	1.07569e-24	11.1531
17.9949	136.684	0	1.07569e-24	11.1531
23.9398	135.769	0	0	5.80723
29.8392	134.596	0	0	5.80723
35.6818	133.166	0	0	6.18983
41.4565	131.483	0	0	6.61761
47.1522	129.55	0	0	7.01496
52.7582	127.37	0	0	7.38577
58.2638	124.947	0	0	7.733
63.6585	122.287	0	0	8.05898
68.932	119.394	0	0	8.36554
74.0742	116.273	0	0	8.65415
79.0755	112.932	0	0	8.92598
83.9262	109.375	0	0	9.18201
88.6172	105.61	0	0	9.42304
93.1395	101.644	0	0	9.64975
97.4845	97.4845	0	0	9.86269
101.644	93.1395	0	0	10.0623
105.61	88.6172	0	0	10.2491
109.375	83.9262	0	0	10.4233
112.932	79.0755	0	0	10.5853
116.273	74.0742	0	0	10.7352
119.394	68.932	0	0	10.8734
122.287	63.6585	0	0	10.9999
124.947	58.2638	8.00227e-24	9.60363e-28	11.115
127.37	52.7582	5.78969e-23	1.34387e-26	11.2188
129.55	47.1522	1.65406e-22	5.44777e-26	11.3114
131.483	41.4565	3.25806e-22	1.34512e-25	11.3929
133.166	35.6818	5.23447e-22	2.53113e-25	11.4634
134.596	29.8392	7.37884e-22	4.0007e-25	11.5229
135.769	23.9398	9.4476e-22	5.5622e-25	11.5715
136.684	17.9949	1.13354e-21	7.0914e-25	11.6093
137.339	12.0156	1.27861e-21	8.32661e-25	11.6362
137.733	6.01354	1.37071e-21	9.13576e-25	11.6524
137.864	8.44173e-15	1.40226e-21	9.41725e-25	11.6578

0	151.153	0	9.41725e-25	11.6578
6.59319	151.009	0	9.41725e-25	11.6578
13.1738	150.578	0	9.41725e-25	11.6578
19.7294	149.86	0	9.41725e-25	11.6578
26.2474	148.856	0	0	5.80723
32.7155	147.57	0	0	5.95711
39.1212	146.002	0	0	6.44602
45.4525	144.157	0	0	6.89668
51.6973	142.037	0	0	7.31482
57.8437	139.647	0	0	7.70473
63.88	136.991	0	0	8.06965
69.7946	134.074	0	0	8.41208
75.5764	130.902	0	0	8.734
81.2144	127.481	0	0	9.03698
86.6977	123.817	0	0	9.32229
92.016	119.918	0	0	9.59096
97.1592	115.79	0	0	9.84386
102.117	111.442	0	0	10.0817
106.881	106.881	0	0	10.3051
111.442	102.117	0	0	10.5145
115.79	97.1592	0	0	10.7103
119.918	92.016	0	0	10.893
123.817	86.6977	0	0	11.0628
127.481	81.2144	0	0	11.2201
130.902	75.5764	0	0	11.3649
134.074	69.7946	1.54553e-25	4.97648e-30	11.4976
136.991	63.88	1.52821e-23	2.27543e-27	11.6183
139.647	57.8437	7.30831e-23	1.83333e-26	11.7271
142.037	51.6973	1.80849e-22	6.13628e-26	11.8241
144.157	45.4525	3.31518e-22	1.37666e-25	11.9096
146.002	39.1212	5.10598e-22	2.44863e-25	11.9834
147.57	32.7155	7.00621e-22	3.73361e-25	12.0458
148.856	26.2474	8.83944e-22	5.09e-25	12.0968
149.86	19.7294	1.02658e-21	6.21355e-25	12.1364
150.578	13.1738	1.16921e-21	7.3905e-25	12.1646
151.009	6.59319	1.24805e-21	8.06233e-25	12.1816
151.153	9.25544e-15	1.27498e-21	8.29515e-25	12.1872

0	165.723	0	8.29515e-25	12.1872
7.22872	165.565	0	8.29515e-25	12.1872
14.4437	165.092	0	8.29515e-25	12.1872
21.6312	164.305	0	8.29515e-25	12.1872
28.7774	163.205	0	0	5.80723
35.869	161.794	0	0	6.20075
42.8922	160.076	0	0	6.71616
49.8338	158.053	0	0	7.19058
56.6805	155.728	0	0	7.63036
63.4193	153.108	0	0	8.04016
70.0374	150.196	0	0	8.42351
76.5222	146.998	0	0	8.7831
82.8614	143.52	0	0	9.12105
89.0427	139.769	0	0	9.43904
95.0546	135.752	0	0	9.73842
100.886	131.477	0	0	10.0203
106.524	126.951	0	0	10.2856
111.961	122.184	0	0	10.535
117.184	117.184	0	0	10.7693
122.184	111.961	0	0	10.9889
126.951	106.524	0	0	11.1943
131.477	100.886	0	0	11.3858
135.752	95.0546	0	0	11.5639
139.769	89.0427	0	0	11.7287
143.52	82.8614	0	0	11.8806
146.998	76.5222	1.4969e-24	1.02741e-28	12.0196
150.196	70.0374	2.5739e-23	4.55975e-27	12.1461
153.108	63.4193	8.86688e-23	2.37235e-26	12.2602
155.728	56.6805	1.9515e-22	6.79165e-26	12.3619
158.053	49.8338	3.36014e-22	1.40161e-25	12.4515
160.076	42.8922	4.98158e-22	2.36941e-25	12.5289
161.794	35.869	6.66734e-22	3.49479e-25	12.5943
163.205	28.7774	8.27172e-22	4.65885e-25	12.6477
164.305	21.6312	9.66449e-22	5.73311e-25	12.6892
165.092	14.4437	1.07387e-21	6.59815e-25	12.7188
165.565	7.22872	1.14155e-21	7.15831e-25	12.7366
165.723	1.01476e-14	1.16504e-21	7.35542e-25	12.7425

0	181.697	0	7.35542e-25	12.7425
7.92551	181.524	0	7.35542e-25	12.7425
15.8359	181.006	0	7.35542e-25	12.7425
23.7162	180.143	0	0	5.80723
31.5513	178.937	0	0	5.8613
39.3264	177.39	0	0	6.45785
47.0266	175.506	0	0	7.00078
54.6373	173.287	0	0	7.4999
62.144	170.739	0	0	7.9622
69.5324	167.866	0	0	8.39275
76.7885	164.673	0	0	8.79532
83.8983	161.167	0	0	9.17282
90.8485	157.354	0	0	9.5275
97.6257	153.242	0	0	9.86116
104.217	148.837	0	0	10.1752
110.61	144.15	0	0	10.4709
116.793	139.188	0	0	10.7491
122.753	133.961	0	0	11.0107
128.479	128.479	0	0	11.2564
133.961	122.753	0	0	11.4866
139.188	116.793	0	0	11.7019
144.15	110.61	0	0	11.9028
148.837	104.217	0	0	12.0894
153.242	97.6257	0	0	12.2622
157.354	90.8485	0	0	12.4214
161.167	83.8983	4.83417e-24	4.90434e-28	12.5672
164.673	76.7885	3.59617e-23	7.12205e-27	12.6998
167.866	69.5324	1.04323e-22	2.94662e-26	12.8193
170.739	62.144	2.08316e-22	7.40937e-26	12.9259
173.287	54.6373	3.39504e-22	1.42105e-25	13.0198
175.506	47.0266	4.86243e-22	2.29415e-25	13.1009
177.39	39.3264	6.35979e-22	3.28152e-25	13.1695
178.937	31.5513	7.76693e-22	4.28368e-25	13.2254
180.143	23.7162	8.97793e-22	5.1966e-25	13.2689
181.006	15.8359	9.90655e-22	5.92535e-25	13.3
181.524	7.92551	1.04895e-21	6.39473e-25	13.3186
181.697	1.11257e-14	1.06881e-21	6.55669e-25	13.3248

0	199.211	0	6.55669e-25	13.3248
8.68946	199.021	0	6.55669e-25	13.3248
17.3624	198.453	0	6.55669e-25	13.3248
26.0023	197.507	0	0	5.80723
34.5926	196.185	0	0	6.09989
43.1172	194.489	0	0	6.72893
51.5596	192.423	0	0	7.30043
59.9039	189.991	0	0	7.82527
68.1342	187.197	0	0	8.31105
76.2348	184.047	0	0	8.76322
84.1902	180.546	0	0	9.18585
91.9854	176.702	0	0	9.58204
99.6055	172.522	0	0	9.95419
107.036	168.013	0	0	10.3042
114.263	163.184	0	0	10.6337
121.272	158.045	0	0	10.9437
128.05	152.604	0	0	11.2355
134.585	146.874	0	0	11.5098
140.863	140.863	0	0	11.7673
146.874	134.585	0	0	12.0087
152.604	128.05	0	0	12.2344
158.045	121.272	0	0	12.4449
163.184	114.263	0	0	12.6406
168.013	107.036	0	0	12.8217
172.522	99.6055	1.3705e-25	4.23958e-30	12.9885
176.702	91.9854	1.04165e-23	1.36494e-27	13.1413
180.546	84.1902	4.8592e-23	1.06391e-26	13.2803
184.047	76.2348	1.19785e-22	3.54287e-26	13.4056
187.197	68.1342	2.20384e-22	7.98712e-26	13.5173
189.991	59.9039	3.4217e-22	1.43595e-25	13.6157
192.423	51.5596	4.74933e-22	2.22328e-25	13.7007
194.489	43.1172	6.08213e-22	3.0919e-25	13.7725
196.185	34.5926	7.31791e-22	3.95671e-25	13.8312
197.507	26.0023	8.37368e-22	4.73558e-25	13.8768
198.453	17.3624	9.17881e-22	5.35221e-25	13.9093
199.021	8.68946	9.68254e-22	5.74738e-25	13.9288
199.211	1.21982e-14	9.85383e-22	5.88335e-25	13.9353

0	218.413	0	5.88335e-25	13.9353
9.52705	218.205	0	5.88335e-25	13.9353
19.036	217.582	0	5.88335e-25	13.9353
28.5087	216.545	0	0	5.80723
37.9271	215.095	0	0	6.35177
47.2733	213.236	0	0	7.0145
56.5295	210.971	0	0	7.61573
65.6781	208.304	0	0	8.16736
74.7017	205.241	0	0	8.6776
83.5831	201.788	0	0	9.15234
92.3054	197.95	0	0	9.59591
100.852	193.735	0	0	10.0116
109.207	189.151	0	0	10.402
117.353	184.208	0	0	10.7692
125.277	178.914	0	0	11.1146
132.962	173.279	0	0	11.4398
140.393	167.314	0	0	11.7457
147.558	161.031	0	0	12.0333
154.441	154.441	0	0	12.3033
161.031	147.558	0	0	12.5563
167.314	140.393	0	0	12.7929
173.279	132.962	0	0	13.0135
178.914	125.277	0	0	13.2186
184.208	117.353	0	0	13.4084
189.151	109.207	1.36866e-24	9.1176e-29	13.5832
193.735	100.852	1.81683e-23	2.86574e-27	13.7434
197.95	92.3054	6.22217e-23	1.47936e-26	13.889
201.788	83.5831	1.34691e-22	4.14256e-26	13.9622
205.241	74.7017	2.29282e-22	8.41999e-26	13.9622
208.304	65.6781	3.37364e-22	1.40912e-25	13.9622
210.971	56.5295	4.50128e-22	2.06982e-25	13.9622
213.236	47.2733	5.59438e-22	2.7658e-25	13.9622
215.095	37.9271	6.58439e-22	3.43694e-25	13.9622
216.545	28.5087	7.40943e-22	4.02283e-25	13.9622
217.582	19.036	8.03066e-22	4.47871e-25	13.9622
218.205	9.52705	8.4155e-22	4.76714e-25	13.9622
218.413	1.3374e-14	8.54594e-22	4.86591e-25	13.9622

0	239.466	0	4.86591e-25	13.9622
10.4454	239.239	0	4.86591e-25	13.9622
20.8709	238.555	0	4.86591e-25	13.9622
31.2566	237.418	0	0	5.83418
41.5829	235.828	0	0	6.61741
51.83	233.79	0	0	7.31515
61.9785	231.307	0	0	7.94732
72.0089	228.383	0	0	8.52687
81.9023	225.025	0	0	9.06264
91.6398	221.238	0	0	9.56093
101.203	217.03	0	0	10.0264
110.573	212.409	0	0	10.4625
119.733	207.384	0	0	10.8719
128.665	201.964	0	0	11.257
137.352	196.159	0	0	11.6192
145.778	189.982	0	0	11.9601
153.926	183.442	0	0	12.2808
161.781	176.553	0	0	12.5823
169.328	169.328	0	0	12.8653
176.553	161.781	0	0	13.1305
183.442	153.926	0	0	13.3784
189.982	145.778	0	0	13.6097
196.159	137.352	0	0	13.8246
201.964	128.665	4.52922e-28	2.08697e-33	13.9622
207.384	119.733	4.18936e-24	4.05211e-28	13.9622
212.409	110.573	2.51961e-23	4.43196e-27	13.9622
217.03	101.203	6.71674e-23	1.63819e-26	13.9622
221.238	91.6398	1.27693e-22	3.8581e-26	13.9622
225.025	81.9023	2.0154e-22	7.0898e-26	13.9622
228.383	72.0089	2.82632e-22	1.11288e-25	13.9622
231.307	61.9785	3.6505e-22	1.56539e-25	13.9622
233.79	51.83	4.43511e-22	2.02935e-25	13.9622
235.828	41.5829	5.1356e-22	2.46759e-25	13.9622
237.418	31.2566	5.71622e-22	2.84641e-25	13.9622
238.555	20.8709	6.14982e-22	3.13787e-25	13.9622
239.239	10.4454	6.41743e-22	3.32123e-25	13.9622
239.466	1.46631e-14	6.50786e-22	3.38378e-25	13.9622

0	262.549	0	3.38378e-25	13.9622
11.4522	262.299	0	3.38378e-25	13.9622
22.8827	261.55	0	0	5.80723
34.2695	260.303	0	0	6.07158
45.5912	258.56	0	0	6.89734
56.826	256.326	0	0	7.63147
67.9527	253.603	0	0	8.29587
78.95	250.397	0	0	8.90454
89.797	246.715	0	0	9.46695
100.473	242.564	0	0	9.98984
110.958	237.95	0	0	10.4781
121.232	232.884	0	0	10.9355
131.274	227.374	0	0	11.3649
141.067	221.432	0	0	11.7686
150.592	215.068	0	0	12.1484
159.83	208.294	0	0	12.5058
168.763	201.124	0	0	12.842
177.376	193.571	0	0	13.1579
185.65	185.65	0	0	13.4545
193.571	177.376	0	0	13.7325
201.124	168.763	0	0	13.9622
208.294	159.83	0	0	13.9622
215.068	150.592	0	0	13.9622
221.432	141.067	8.14324e-26	2.11778e-30	13.9622
227.374	131.274	5.00549e-24	5.13743e-28	13.9622
232.884	121.232	2.21491e-23	3.73215e-27	13.9622
237.95	110.958	5.27826e-23	1.18797e-26	13.9622
242.564	100.473	9.47382e-23	2.5913e-26	13.9622
246.715	89.797	1.44456e-22	4.54778e-26	13.9622
250.397	78.95	1.98054e-22	6.92675e-26	13.9622
253.603	67.9527	2.51854e-22	9.54294e-26	13.9622
256.326	56.826	3.02625e-22	1.21906e-25	13.9622
258.56	45.5912	3.47671e-22	1.46682e-25	13.9622
260.303	34.2695	3.84845e-22	1.67957e-25	13.9622
261.55	22.8827	4.1252e-22	1.84252e-25	13.9622
262.299	11.4522	4.29569e-22	1.94474e-25	13.9622
262.549	1.60765e-14	4.35324e-22	1.97956e-25	13.9622

0	287.856	0	1.97956e-25	13.9622
12.5561	287.582	0	1.97956e-25	13.9622
25.0883	286.761	0	0	5.80723
37.5728	285.394	0	0	6.32221
49.9858	283.483	0	0	7.1921
62.3035	281.033	0	0	7.96412
74.5027	278.048	0	0	8.66211
86.5601	274.534	0	0	9.30116
98.4527	270.497	0	0	9.89139
110.158	265.945	0	0	10.44
121.653	260.887	0	0	10.9521
132.917	255.332	0	0	11.4318
143.928	249.291	0	0	11.882
154.665	242.776	0	0	12.3053
165.108	235.798	0	0	12.7034
175.236	228.372	0	0	13.078
185.031	220.511	0	0	13.4303
194.473	212.23	0	0	13.7615
203.545	203.545	0	0	13.9622
212.23	194.473	0	0	13.9622
220.511	185.031	0	0	13.9622
228.372	175.236	0	0	13.9622
235.798	165.108	0	0	13.9622
242.776	154.665	4.80465e-26	1.04801e-30	13.9622
249.291	143.928	2.89984e-24	2.48113e-28	13.9622
255.332	132.917	1.28007e-23	1.79665e-27	13.9622
260.887	121.653	3.04765e-23	5.71178e-27	13.9622
265.945	110.158	5.46748e-23	1.24509e-26	13.9622
270.497	98.4527	8.33435e-23	2.18431e-26	13.9622
274.534	86.5601	1.14245e-22	3.32607e-26	13.9622
278.048	74.5027	1.4548e-22	4.59079e-26	13.9622
281.033	62.3035	1.74525e-22	5.85189e-26	13.9622
283.483	49.9858	2.00491e-22	7.04061e-26	13.9622
285.394	37.5728	2.21917e-22	8.06133e-26	13.9622
286.761	25.0883	2.3787e-22	8.84307e-26	13.9622
287.582	12.5561	2.47696e-22	9.33347e-26	13.9622
287.856	1.76261e-14	2.51014e-22	9.50052e-26	13.9622

0	315.603	0	9.50052e-26	13.9622
13.7664	315.303	0	9.50052e-26	13.9622
27.5066	314.402	0	0	5.80723
41.1945	312.903	0	0	6.58655
54.804	310.809	0	0	7.50229
68.3091	308.122	0	0	8.31377
81.6842	304.849	0	0	9.0468
94.9038	300.996	0	0	9.71756
107.943	296.57	0	0	10.3368
120.776	291.58	0	0	10.9122
133.38	286.034	0	0	11.4493
145.729	279.944	0	0	11.9523
157.802	273.321	0	0	12.4243
169.574	266.177	0	0	12.868
181.023	258.527	0	0	13.2853
192.127	250.385	0	0	13.6779
202.866	241.766	0	0	13.9622
213.219	232.687	0	0	13.9622
223.165	223.165	0	0	13.9622
232.687	213.219	0	0	13.9622
241.766	202.866	0	0	13.9622
250.385	192.127	0	0	13.9622
258.527	181.023	0	0	13.9622
266.177	169.574	0	0	13.9622
273.321	157.802	6.24838e-25	3.2051e-29	13.9622
279.944	145.729	4.20975e-24	4.07843e-28	13.9622
286.034	133.38	1.16539e-23	1.58531e-27	13.9622
291.58	120.776	2.25728e-23	3.82765e-27	13.9622
296.57	107.943	3.60106e-23	7.13496e-27	13.9622
300.996	94.9038	5.08749e-23	1.13107e-26	13.9622
304.849	81.6842	6.6029e-23	1.60127e-26	13.9622
308.122	68.3091	8.04995e-23	2.08549e-26	13.9622
310.809	54.804	9.34422e-23	2.54414e-26	13.9622
312.903	41.1945	1.04185e-22	2.94143e-26	13.9622
314.402	27.5066	1.12215e-22	3.24754e-26	13.9622
315.303	13.7664	1.17174e-22	3.44027e-26	13.9622
315.603	1.93251e-14	1.1885e-22	3.50605e-26	13.9622

0	346.025	0	3.50605e-26	13.9622
15.0934	345.696	0	3.50605e-26	13.9622
30.1581	344.708	0	0	5.80723
45.1653	343.065	0	0	6.86512
60.0866	340.768	0	0	7.82855
74.8935	337.823	0	0	8.68114
89.5578	334.234	0	0	9.45074
104.052	330.01	0	0	10.1546
118.347	325.157	0	0	10.8042
132.418	319.685	0	0	11.4077
146.236	313.605	0	0	11.9708
159.777	306.928	0	0	12.4981
173.012	299.666	0	0	12.9929
185.919	291.834	0	0	13.458
198.472	283.447	0	0	13.8953
210.647	274.52	0	0	13.9622
222.421	265.07	0	0	13.9622
233.771	255.116	0	0	13.9622
244.677	244.677	0	0	13.9622
255.116	233.771	0	0	13.9622
265.07	222.421	0	0	13.9622
274.52	210.647	0	0	13.9622
283.447	198.472	0	0	13.9622
291.834	185.919	0	0	13.9622
299.666	173.012	4.18693e-28	1.87937e-33	13.9622
306.928	159.777	3.51331e-25	1.48744e-29	13.9622
313.605	146.236	1.95205e-24	1.46377e-28	13.9622
319.685	132.418	5.0424e-24	5.18801e-28	13.9622
325.157	118.347	9.40941e-24	1.19188e-27	13.9622
330.01	104.052	1.46397e-23	2.14879e-27	13.9622
334.234	89.5578	2.02628e-23	3.31449e-27	13.9622
337.823	74.8935	2.58246e-23	4.57998e-27	13.9622
340.768	60.0866	3.09259e-23	5.82435e-27	13.9622
343.065	45.1653	3.5234e-23	6.93055e-27	13.9622
344.708	30.1581	3.84927e-23	7.79809e-27	13.9622
345.696	15.0934	4.05199e-23	8.35043e-27	13.9622
346.025	2.11879e-14	4.12075e-23	8.53992e-27	13.9622

0	379.379	0	8.53992e-27	13.9622
16.5483	379.018	0	8.53992e-27	13.9622
33.065	377.935	0	0	5.97429
49.5189	376.133	0	0	7.15847
65.8784	373.615	0	0	8.17153
82.1126	370.386	0	0	9.067
98.1904	366.452	0	0	9.87476
114.081	361.82	0	0	10.6132
129.755	356.499	0	0	11.2946
145.182	350.5	0	0	11.9273
160.332	343.834	0	0	12.5177
175.178	336.513	0	0	13.0705
189.689	328.552	0	0	13.5891
203.84	319.965	0	0	13.9622
217.603	310.769	0	0	13.9622
230.951	300.981	0	0	13.9622
243.86	290.621	0	0	13.9622
256.305	279.707	0	0	13.9622
268.261	268.261	0	0	13.9622
279.707	256.305	0	0	13.9622
290.621	243.86	0	0	13.9622
300.981	230.951	0	0	13.9622
310.769	217.603	0	0	13.9622
319.965	203.84	0	0	13.9622
328.552	189.689	0	0	13.9622
336.513	175.178	0	0	13.9622
343.834	160.332	1.95947e-27	1.47119e-32	13.9622
350.5	145.182	1.34238e-25	4.12401e-30	13.9622
356.499	129.755	5.96548e-25	3.01309e-29	13.9622
361.82	114.081	1.40728e-24	9.46216e-29	13.9622
366.452	98.1904	2.47976e-24	2.01386e-28	13.9622
370.386	82.1126	3.68469e-24	3.41471e-28	13.9622
373.615	65.8784	4.88564e-24	4.97409e-28	13.9622
376.133	49.5189	5.95796e-24	6.48059e-28	13.9622
377.935	33.065	6.8544e-24	7.81226e-28	13.9622
379.018	16.5483	7.33486e-24	8.5508e-28	13.9622
379.379	2.32302e-14	7.51847e-24	8.83739e-28	13.9622

0	415.948	0	8.83739e-28	13.9622
18.1434	415.552	0	8.83739e-28	13.9622
36.2522	414.365	0	0	6.21985
54.2921	412.389	0	0	7.46718
72.2286	409.628	0	0	8.53194
90.0275	406.088	0	0	9.47215
107.655	401.775	0	0	10.3198
125.078	396.696	0	0	11.0943
142.262	390.863	0	0	11.8088
159.176	384.286	0	0	12.4723
175.787	376.977	0	0	13.0912
192.063	368.95	0	0	13.6705
207.974	360.221	0	0	13.9622
223.489	350.807	0	0	13.9622
238.578	340.724	0	0	13.9622
253.213	329.993	0	0	13.9622
267.366	318.634	0	0	13.9622
281.01	306.669	0	0	13.9622
294.119	294.119	0	0	13.9622
306.669	281.01	0	0	13.9622
318.634	267.366	0	0	13.9622
329.993	253.213	0	0	13.9622
340.724	238.578	0	0	13.9622
350.807	223.489	0	0	13.9622
360.221	207.974	0	0	13.9622
368.95	192.063	0	0	13.9622
376.977	175.787	0	0	13.9622
384.286	159.176	0	0	13.9622
390.863	142.262	0	0	13.9622
396.696	125.078	0	0	13.9622
401.775	107.655	0	0	13.9622
406.088	90.0275	1.58735e-27	1.111e-32	13.9622
409.628	72.2286	1.44117e-26	2.10429e-31	13.9622
412.389	54.2921	3.92672e-26	8.00802e-31	13.9622
414.365	36.2522	6.7818e-26	1.65938e-30	13.9622
415.552	18.1434	8.99943e-26	2.41976e-30	13.9622
415.948	2.54694e-14	9.82959e-26	2.72186e-30	13.9622

0	456.041	0	2.72186e-30	13.9622
19.8922	455.607	0	2.72186e-30	13.9622
39.7466	454.306	0	0	6.47893
59.5254	452.14	0	0	7.79188
79.1908	449.113	0	0	8.91053
98.7054	445.231	0	0	9.89744
118.032	440.502	0	0	10.7867
137.134	434.934	0	0	11.599
155.975	428.539	0	0	12.3482
174.52	421.327	0	0	13.0436
192.731	413.314	0	0	13.6924
210.577	404.514	0	0	13.9622
228.021	394.943	0	0	13.9622
245.031	384.621	0	0	13.9622
261.575	373.567	0	0	13.9622
277.62	361.802	0	0	13.9622
293.138	349.348	0	0	13.9622
308.097	336.229	0	0	13.9622
322.47	322.47	0	0	13.9622
336.229	308.097	0	0	13.9622
349.348	293.138	0	0	13.9622
361.802	277.62	0	0	13.9622
373.567	261.575	0	0	13.9622
384.621	245.031	0	0	13.9622
394.943	228.021	0	0	13.9622
404.514	210.577	0	0	13.9622
413.314	192.731	0	0	13.9622
421.327	174.52	0	0	13.9622
428.539	155.975	0	0	13.9622
434.934	137.134	0	0	13.9622
440.502	118.032	0	0	13.9622
445.231	98.7054	0	0	13.9622
449.113	79.1908	0	0	13.9622
452.14	59.5254	0	0	13.9622
454.306	39.7466	0	0	13.9622
455.607	19.8922	0	0	13.9622
456.041	2.79245e-14	0	0	13.9622

0	500	0	0	13.9622
21.8097	499.524	0	0	13.9622
43.5779	498.097	0	0	6.75204
65.2631	495.722	0	0	8.13324
86.8241	492.404	0	0	9.30809
108.22	488.148	0	0	10.3438
129.41	482.963	0	0	11.2765
150.353	476.858	0	0	12.1283
171.01	469.846	0	0	12.9137
191.342	461.94	0	0	13.6427
211.309	453.154	0	0	13.9622
230.874	443.505	0	0	13.9622
250	433.013	0	0	13.9622
268.65	421.696	0	0	13.9622
286.788	409.576	0	0	13.9622
304.381	396.677	0	0	13.9622
321.394	383.022	0	0	13.9622
337.795	368.639	0	0	13.9622
353.553	353.553	0	0	13.9622
368.639	337.795	0	0	13.9622
383.022	321.394	0	0	13.9622
396.677	304.381	0	0	13.9622
409.576	286.788	0	0	13.9622
421.696	268.65	0	0	13.9622
433.013	250	0	0	13.9622
443.505	230.874	0	0	13.9622
453.154	211.309	0	0	13.9622
461.94	191.342	0	0	13.9622
469.846	171.01	0	0	13.9622
476.858	150.353	0	0	13.9622
482.963	129.41	0	0	13.9622
488.148	108.22	0	0	13.9622
492.404	86.8241	0	0	13.9622
495.722	65.2631	0	0	13.9622
498.097	43.5779	0	0	13.9622
499.524	21.8097	0	0	13.9622
500	3.06162e-14	0	0	13.9622

